0.6139592146276701
0.5772364076029303
0.32389287862348537
0.6122791565096484
0.3853508813640171
1.0354297381845483
0.8035329815726007
0.784990674913949
0.9879910925269846
0.8203921672214817
0.7114985985779572
0.8945237431611321
1.08278537031645
1.1406189408934624
1.0658172844896434
1.1744797748991018
0.7533276666586115
1.0431058806023452
1.4419568376564116
0.8162412999917831
1.0949755132308567
1.0078253375119566
1.189506827111484
0.9588874144850884
0.9731278535996987
1.0498918699456372
0.6562817455030203
0.4114424790756847
0.2703611758975292
0.28766603410599967
0.3832167518513312
0.5576408515395495
0.4384918523635315
0.32092482438092046
0.3043579390129087
0.3909911487167098
0.40219088582569607
0.5072736719497615
0.619788758288394
0.647564911668141
0.5859304910274266
0.5660623380564436
0.5182338402345741
0.6761071213765146
0.6571075576588679
0.7231036840527382
0.5331418207276597
0.9667590668613208
0.9101137705189061
0.9420080530223133
0.8591845012928618
0.9602328731285124
0.6283889300503115
0.5629078673658141
0.6393843143517747
0.6020599913279624
-0.1681223293844059
0.28285602673539456
0.14099851366218666
0.21647042104235406
0.38098058554770226
0.2712948082497205
0.23657200643706267
0.1589232339186673
0.3742619091984048
0.5574778586752219
0.33948824748315687
-0.015794267183231903
0.5440680443502757
0.23476552272030457
0.2632414347745814
0.41185452320707094
0.44060442089389995
0.5541364390107796
0.3780451799550983
0.6245008603762076
0.26187787170183296
0.5018037191966931
0.65213885567128
0.4427822312819313
0.4009248622214998
0.6593553952823947
0.7403626894942439
0.5599586394660092
0.5006023505691853
0.5533680674282379
0.5179153257487874
0.3280882283980172
0.4595969097361297
0.3825651471050834
0.6969453177696043
0.7415574481071874
0.6590577498167635
0.6080503550171498
0.49038318538749925
0.7014446234638742
0.6262548005376257
0.7640035993223515
0.6349089029428938
0.9922675497693094
0.541579243946581
0.6223683682258755
0.7323937598229685
0.6053377010891983
0.58235665651185
0.4169340487363459
0.6412121152901106
0.5326385825694938
0.6690067809585756
0.16790781000148003
0.19106841502533403
0.20977437225825377
0.1003162616999679
0.10631748152988771
0.14510133429722347
0.5386392926388774
0.7459665670122424
1.1583624920952498
0.6202848114341615
0.8025105962430883
0.5132176000679389
0.5961511317174422
0.5333441789585025
0.49732464080794936
0.6728672017718137
0.5691787649333068
0.49560466041367557
0.2717406195619937
0.5622928644564746
0.4991713954627366
0.30756086282293893
0.5686362358410126
0.6342446746993636
0.5945068534375165
0.7382797383459514
0.6121213173358583
0.5149098156090622
0.6172999578846993
0.6118198286171186
0.5136380885454249
0.3347131088665537
0.19382002601611284
0.26626788940476925
0.4890204780193702
0.3836995695574274
0.4378679555719889
0.5250448070368452
0.6746106584765741
0.7967933604397018
0.5440680443502757
0.4906940619089363
0.48081740027962616
0.5423879862322539
0.4892701442992574
0.5617968113107072
0.27300127206373764
0.2562176512476189
0.5424743013437183
0.20274345382712147
0.250420002308894
0.38487753583279577
0.4101744650890493
0.4286088284384896
0.2408933802197053
0.5642714304385625
0.4082399653118496
0.3919080439021245
0.6259096018214916
0.3449354813630629
0.32790214206428253
1.0394141191761372
0.6020599913279624
0.6069673258227066
0.5411035653865366
0.8864907251724818
1.2304489213782739
0.6434526764861874
0.6792259461402617
0.8151348166368136
0.7634279935629373
0.6872316010647747
0.3467874862246563
0.5031346870845804
0.42276359239706973
0.5642714304385625
0.7781512503836436
0.3467874862246563
0.49249611628661666
0.6950038171184174
0.6680362900923681
0.7116510360951077
0.7874912766377871
0.784884633042612
0.8557561081963134
0.8586708472035307
0.8429533715476677
0.7969006863964826
0.7237935880610509
0.721832887295523
0.6020599913279624
0.43505990971895103
0.5473212017479975
0.6020599913279624
0.34792886528346545
0.6368220975871743
0.6939780587785198
0.5515689990647016
0.7201593034059569
0.6863808770279982
0.6268835750529945
0.6047000874941708
0.8998848471167322
0.840299157132488
0.9761970853273753
0.9582452518929988
0.473892284589464
0.6448119717489122
0.3595436177577316
0.5791971083684582
0.12493873660829992
0.43933269383026263
0.5198732351406123
0.7708520116421442
0.43933269383026263
0.10298416072024962
0.21022258164277868
0.3352440961950829
0.40784829733228656
0.8325089127062363
0.5463598411298605
0.5157506570757934
0.6831757371527869
0.22947770707436618
0.6671781699121675
1.1923284579263669
0.04575749056067514
0.3840042307287451
0.639201799332529
0.21387981994508107
-0.023481095849522914
0.4980551615553055
0.5086383061657272
0.6700063084007022
0.7235924792443509
0.5760465589630444
0.6135398090113924
0.5748130761871001
0.21336063939083746
0.4486327169082249
0.24532984546587927
0.4134521748502852
0.2719276139596741
0.47712125471966244
0.39357520326958756
0.2942966130050128
0.6118198286171186
0.6888303729851389
0.7121314503939897
0.6127838567197355
0.5327870339405866
0.58766217062732
0.0871501757189002
0.2586261471108938
0.1785379950027686
0.21972505598650083
0.2803453968041302
0.599115610681181
0.9030899869919435
0.7309721726881744
0.4890204780193702
0.8211858826088455
0.5295093241793507
0.6532125137753437
0.6368220975871743
0.7958800173440752
0.3467874862246563
0.4673614174305062
0.2752227320576957
0.06694678963061322
0.5155795065388381
0.8278390345727511
0.3010299956639812
0.4616090885414149
0.6423545861871354
0.8957907482504441
0.5555478620337058
0.641568532611636
0.3414586527195894
0.895264649479987
1.2612628687924936
1.236789099409293
0.91204482964487
1.2937307569224819
1.3290587192642247
0.8310873255714422
0.8310873255714422
0.47712125471966244
0.6642078980768068
0.8653014261025438
0.8361431973613304
0.7051303130408373
0.8450980400142568
0.8081144737610868
0.5818566052396754
0.39334425698288855
0.31527043477859146
0.5453860862781887
0.6307051727774924
0.5154228629007456
0.47271213581460736
0.7380340271756611
0.6989700043360189
0.5678458907968608
0.5762527277216769
0.6950038171184174
0.25344773568805873
0.5144455777434748
0.3521825181113625
0.32353733666183243
0.33929449575926374
0.5152113043278018
0.3627755916087866
0.44313675740929503
0.3467874862246563
0.46943442605337143
0.3458423400803435
0.5314789170422551
0.5663444390614278
0.8624721360836796
0.8372727025023002
0.9777236052888477
0.7611179110848633
0.6243363860391146
0.5488144793747373
0.16840443038939024
0.2632414347745814
0.5153256073898916
0.22678396729186853
0.5576408515395495
0.5720967679505191
0.695616362328431
0.12984607110304408
0.28856135510438313
0.6118198286171186
0.5720967679505191
0.42360199899317413
0.5857923786135091
0.6490565540041859
0.42360199899317413
0.2942966130050128
0.3891660843645325
0.31211896782959353
0.019478353395848937
0.5650300236129284
0.6760400436897794
0.7323937598229685
0.9777236052888477
0.5805203134718526
0.5797835966168101
0.47063912719174217
0.5642714304385625
0.007178584627123376
-0.006948859955327855
0.37413709399941286
0.021719249693236305
0.5383909114585851
0.38646019098860757
0.13936845203094134
0.07506467985279265
0.2891307723642735
0.26884531229257996
0.4873404199013485
0.26884531229257996
0.027152246043614773
0.6494846412561005
0.026872146400301333
0.7668702399739545
0.3853508813640171
0.25527250510330607
0.41574956709059513
0.5576408515395495
0.8037053548560318
0.909080350681131
1.0321846833714012
0.9777236052888477
1.0969100130080565
0.9138138523837167
1.1832698436828046
0.9882615967287558
0.9420080530223133
0.3296751771135112
0.5537553117534073
1.1702617153949575
1.5481846105451078
0.9472936494839971
0.9059378298647698
0.9817386830256839
0.8946568194550808
1.0525290512761847
0.44313675740929503
0.7081780061228425
0.1294392378349764
0.5918408261462763
0.7375333994753797
0.5902684665984044
0.7488618742816561
0.5918408261462763
0.5043953395863244
0.5783960731301689
0.7474824306171917
0.30553049689065764
0.5264828695491628
0.4922549978487196
0.8662873390841949
0.2247831829554057
0.30616963531639224
0.13830269816628143
0.47017239476433464
0.49968708261840383
0.14893901301206647
0.5713911715615104
0.5099137681159699
0.449449828121804
0.39083966825409866
0.37645109283829925
0.3534180651236694
0.42245215854944396
0.3537363461799842
0.2934768577735353
0.6434526764861874
0.6110148339808888
0.13830269816628143
0.12199435596151867
0.46982201597816303
0.6063813651106049
0.5118833609788744
0.5768241679118891
0.21828893885013612
0.7280414522832771
0.7311546877074201
0.41574956709059513
0.4913616938342727
0.7810369386211318
0.784141614072831
0.7300042380759876
1.0633869788643928
0.8764377922205033
0.4237472722783231
0.9070927294456176
0.7442929831226762
0.5958110420509608
0.7732987475892316
0.5598623115335075
0.8991949431084194
0.6063813651106049
0.5898255349109507
0.91204482964487
0.5515689990647016
0.4332157690205808
0.5824644352645817
0.5621320444280111
0.3177356891668339
0.2055462383939569
0.3010299956639812
0.3181980208009951
0.21559980033935483
0.27808079759301263
0.31292921896368886
0.41062104043112657
1.290034611362518
0.8305393198433318
0.7549214096651689
1.1205739312058498
1.0280287236002434
0.9719712763997564
1.0469965626762234
0.9453790491080198
0.7481880270062005
0.7056005832350318
0.8912984622623856
0.8667091890269341
0.680616802355139
0.49521947681245865
0.5824644352645817
0.3258535793890133
0.3357921019231931
0.6127838567197355
0.8489584608274949
0.7506301767323806
0.7923916894982539
0.7101541712885324
0.5751878449276611
0.3979400086720376
0.35793484700045375
0.6425935377650497
1.0751412682458847
0.5006023505691853
0.1947333691117394
0.644069134335474
0.8531160120301049