1.2658655786007302
1.0487330483239683
0.7025741286048441
1.1627272974976997
0.8886921662913011
0.6403244914232449
0.9822712330395684
0.8549130223078556
0.6795414524976928
0.5264828695491628
0.11857999223985197
0.16198300514431435
0.5920757704213615
0.5399120845791179
0.516629796003336
0.5371191843949479
0.6766936096248666
0.5616313342723542
0.6707758036974223
0.6971179994744254
0.3041657095168398
0.684594879383175
0.8622059427061131
0.6334684555795865
0.25870568094170004
-0.08562900259836737
0.0
-0.05661541814888345
-0.025305865264770234
0.1978105087489175
0.17775204303714576
0.35501180813022676
0.19480222277528486
-0.036045104184639375
-0.04011722320798245
0.27083521030723
0.24932317259010486
0.241153904811743
0.3702270208050051
0.47319096109123004
0.6651117370750514
0.13771302464472884
0.22184874961635637
0.0811598120297127
-0.08199222338145322
0.35569909183419957
0.4036923375611289
0.5937874653619726
0.30377003303001004
0.5368894597231522
0.2960665761324311
0.31439395722196267
0.7337321105952308
0.5278995466553884
0.6497519816658373
0.8085338793773645
0.8076062297219193
0.6471383660631504
0.8864907251724818
0.7738724524043686
0.680616802355139
0.4954100404319721
0.24832364514797822
0.49101986423622135
0.2752227320576957
0.06752623532284678
0.47017239476433464
0.33948824748315687
0.4728424567403875
0.5556499169000908
0.36797678529459443
0.13566260200007305
0.41912930774197565
0.4168253528324114
0.3309932190414244
0.17609125905568124
0.4522976709946303
0.20411998265592482
0.4455222686479601
0.3344537511509309
0.17069622716897506
0.08842190278253749
0.23408320603336794
0.37675070960209955
0.4455222686479601
0.2930610659927058
0.3051079080844206
0.6125254250061274
0.5634305889718314
0.6094003544937058
0.5397680638575516
0.5174158495788354
0.3467874862246563
0.8176597916673172
0.3219279196931987
0.5151462950496469
0.5182829935911885
0.7715206714846305
0.9496223118025797
0.5193189345141174
0.6818245745780014
0.8750612633917001
0.578147833922551
0.7700333601614642
0.4353665066126613
0.6924878768080984
0.6699182072781964
0.38021124171160603
0.0
0.4288165751451074
0.1515156310792649
0.4871054756262634
0.5203165285157372
0.38090666937325723
0.36897631273672105
0.1168208463861205
0.4097582748493368
0.2364577033749729
0.3873898263387294
0.2403321553103695
0.18234020833268277
0.41659992096547416
0.7817553746524689
0.5043953395863244
0.9711432599775263
0.7908880717865763
0.8472321695269427
0.5428498262109576
0.5642714304385625
0.4719200610338547
0.4960065988800362
0.4440447959180762
0.5907789809182733
0.5036108350128845
0.32359582356272254
0.32696572975838095
0.18169513657367975
0.3357921019231931
0.10145764075877703
0.3411472188719636
0.3146028028532551
0.16975108102466221
0.24061407319232572
0.4881166390211257
0.6315705888365007
0.42227258671231743
0.2568263331719277
0.24580720460529895
0.49291552190289434
0.521991524375444
0.41192565488881266
0.37466866625904954
0.49642640991504905
0.35051535874389944
0.2532572138679805
0.23976033892505855
0.4301246920434389
0.480256968572521
0.5740312677277188
0.6726410656136697
0.6622471973112789
0.3284682440109208
0.353843302092827
0.5573502563584811
0.5219335991360248
0.5968587976421547
0.6835951427690645
0.639201799332529
0.6825795881478495
0.9152558940469783
0.6122791565096484
0.7758100345687411
0.8645110810583918
1.0606978403536118
1.0859146287065933
1.3010299956639813
0.3979400086720376
0.6448119717489122
0.8016323462331665
1.0237667219577486
0.7584071921878864
0.6876152534588967
0.5821216613857749
0.5642714304385625
0.3774183415274359
0.3010299956639812
0.4873404199013485
0.07918124604762482
0.34933467523853623
0.6690067809585756
0.4522976709946303
0.06411749961174897
-0.10914446942506803
-0.10914446942506803
-0.15126767533064905
0.3558786636713262
0.15970084286751188
0.3296751771135112
0.43690871833629397
0.6087933739869308
0.004852502794412101
0.4270752156272506
0.2756254158898865
0.3098039199714864
0.43820318868929276
0.5893480258118247
0.6645524395323256
0.09467713157576445
0.32905871926422475
0.10389613386872243
0.2842597854140882
0.20324350509929603
0.12221587827282664
0.12979123940271203
0.35410843914740087
0.5250448070368452
0.6872316010647747
0.7403626894942439
0.7422386944929992
0.7533276666586115
0.8450980400142568
1.2267839672918686
1.03698356625317
0.7829501332654123
0.7827961554294072
1.0497716167309956
0.805694999637674
0.9972771416645267
1.0175243449835327
0.9622114391106001
0.6492822201469113
0.7810369386211318
0.6760400436897794
0.3783671010132357
0.8726417892682872
1.026328938722349
0.9637878273455552
0.8899683096700386
0.9344984512435677
0.8886921662913011
1.0272296534909107
1.1163230540521913
1.100900495740861
0.995404248310851
0.8305393198433318
1.0627908298594555
0.6551384348113821
0.5898255349109507
0.6441831972335434
0.47712125471966244
0.6080503550171498
1.03698356625317
0.6777807052660807
0.8129133566428556
0.8985423592412229
0.5581545056288807
0.34625753560135814
0.2649546302187015
0.43136376415898736
0.25338836122875463
0.21899153877187555
0.5750285000416676
0.2513422114748737
0.26511743977333674
0.4185021675869267
0.3891660843645325
0.19522626949594227
0.33712634101225775
0.3909911487167098
0.25701316667960733
0.7298465708090885
0.506084950654979
0.8016323462331665
0.8211858826088455
0.6989700043360189
0.23468597432152852
-0.023167865052025977
0.13667713987954408
0.28017985669086104
0.9196190446759123
0.6545147470805882
0.9688420180096133
0.9208187539523752
0.6446123420134261
0.7501225267834001
0.6896299780818754
0.5214040597143319
0.6375806907615401
0.9560945143009183
0.8507019175322553
0.8832557420069717
0.7121314503939897
0.7465522643119412
0.8349741670944788
0.9254707668693004
0.587336734507256
0.6304553628874277
0.3899710790007623
0.5038555079669071
0.6255410871774852