0.9726141995103674
0.4676796984868209
0.8481891169913987
0.5698753079565612
0.4402091713868914
0.36797678529459443
0.5356019968889618
0.27083521030723
0.49209841068931526
0.5557276568952689
0.36172783601759284
0.6020599913279624
0.5081554884596312
0.7690078709437739
0.25527250510330607
0.43365556093857216
0.014240439114610285
0.12866660912754313
0.4288165751451074
0.8061799739838872
0.7549214096651689
0.4712917110589386
0.6863808770279982
0.5256716454645077
0.4101744650890493
0.5537553117534073
0.7781512503836436
0.6077371242196529
0.46188128816292556
0.39280036901962656
0.414973347970818
0.4361196497156476
0.4941545940184428
0.4863619114545751
0.4007329088562077
0.21712811094377205
0.35989665488480266
0.21670910996394527
0.32142315430582447
0.45101845215545733
0.22037406405035068
0.27106677228653797
0.7487416210670145
0.6760400436897794
0.9488474775526188
0.6924878768080984
0.7518223116612945
0.9344984512435677
0.9294189257142927
0.6330942250679312
0.5694355160385698
0.8041646827485616
0.4528187202255814
0.47712125471966244
0.34641928401362004
0.47104710700746927
0.2449140536850498
0.20411998265592482
0.3496353290974826
0.3818531887785828
0.3217145945238322
0.3399480616943509
0.4446355006381772
0.4304692334989576
0.46415627755529476
0.3148182801496145
0.35471485462675756
0.5993371329924891
0.6514216061574628
0.632873938742182
0.7146826295447828
0.5537553117534073
0.18293068358598666
0.2866321749633387
0.36493974856911227
0.7234821542134252
0.811151510486569
0.5766554115538677
0.8489584608274949
0.799640166217382
0.47712125471966244
0.6020599913279624
0.5980200135262224
0.6906179299712529
0.505149978319906
0.6821020790487233
0.8868223742774903
0.7403626894942439
0.516629796003336
0.6097468199942534
0.9711432599775263
0.4082399653118496
0.42360199899317413
0.6989700043360189
0.4522976709946303
0.48509018439093776
0.6989700043360189
0.3344537511509309
0.48226089437207353
0.17944490106326905
0.2752227320576957
0.16272729749769974
0.16975108102466221
0.4643469666832336
0.5065762340579381
0.20760831050174608
0.7781512503836436
0.7096938697277919
0.9176487071628686
1.166331421766525
0.7501225267834001
0.7549214096651689
0.6989700043360189
0.946754488046775
0.2870192812211665
0.5254259342942175
0.577635391996544
0.6989700043360189
0.6307051727774924
0.3424226808222063
0.36797678529459443
0.3912066260130692
0.26626788940476925
0.6989700043360189
0.43933269383026263
0.6766936096248666
0.6657290711973397
0.6071996309803734
0.7998705000768799
0.5086383061657272
1.249198357391113
0.9030899869919435
0.2852357284807493
0.28172484046859453
0.5351132016973491
0.25105602070214256
0.05611594197893141
0.35793484700045375
0.37819595047628046
0.06328183554420787
0.29291210544180174
0.2021046914205992
0.3899710790007623
0.17609125905568124
0.13887451455159242
0.6780360975003759
0.3881801713828814
0.6589648426644349
0.6020599913279624
0.5427459901119804
0.6863808770279982
0.52680903890877
0.5705429398818975
0.8365542664709631
0.7512791039833423
0.5757310526056132
1.034762106259212
0.6589648426644349
0.06942140875846858
0.7112044607530305
0.7353992699626938
0.4259687322722811
0.15970084286751188
0.4960065988800362
0.3245110915135041
0.8920946026904804
0.7215358322347601
0.5228787452803376
0.5228787452803376
0.5576408515395495
0.5067919253868827
0.6020599913279624
0.5392691614685069
0.3440646278891831
0.5563025007672873
0.8181564120552274
0.40683372183202016
0.7552883674241394
0.44608702097969366
0.2128140660804211
0.5515689990647016
0.35100397062581984
0.28105891473336114
0.20669740554373547
0.3567852279195992
0.5251585115752362
0.40500186315952447
0.3348084220419398
0.14380249072706439
0.47712125471966244
0.3979400086720376
0.3742619091984048
0.5581545056288807
0.35561569394975645
0.31261186821379633
0.3951290313382092
0.6488033948702886
0.4009248622214998
0.15228834438305647
0.12093599415462604