0.1301775755489229
0.661181443446619
0.7523439867773581
0.7034016191350937
0.8764377922205033
0.7481880270062005
0.629498239674902
0.7781512503836436
0.9481683617271317
0.7533276666586115
0.7662520270839359
0.8827142276202256
0.7201593034059569
0.6419315033656546
0.5367069447039066
0.5831157956894982
0.4458635609892204
0.7056005832350318
0.8032619709666747
0.578147833922551
0.7051303130408373
0.3010299956639812
0.35561569394975645
0.16085129249894436
0.09123288011636592
0.2638303087385715
0.35071777985308866
0.29373075692248174
0.005328833505066964
0.33881855655338095
0.1865566927338462
0.26626788940476925
0.2703611758975292
0.22184874961635637
-0.09691001300805639
0.09691001300805642
0.32999369159929776
0.1589232339186673
0.19188552623891314
0.20035983378261799
0.6766936096248666
0.5209001792982497
0.3168242628472131
0.414973347970818
0.36797678529459443
0.030489322147900354
0.24885198399890962
0.5396137029240257
0.21085336531489318
0.34425514970926124
0.5129596799483699
0.38898516601911115
0.414973347970818
0.46415627755529476
0.07918124604762482
0.3640817414110702
-0.11776015198117656
0.22800905832117482
0.15296746020854352
0.35618526056503647
0.08517160973681223
0.11809931207799448
0.5376020021010439
0.08065593161363054
0.2578730786338314
0.22902733424347976
0.2771178382585698
0.4871054756262634
0.5980200135262224
0.47712125471966244
0.8763182671112025
0.8814480620531007
0.7239722733060745
0.6251837901751002
0.7311546877074201
0.4734869700645684
0.6600519383056491
0.8450980400142568
0.8846065812979305
0.8978887933061359
0.8553172051959429
0.567082407772391
0.49485002168009407
0.4247331852599742
0.49209841068931526
0.2648178230095365
0.17944490106326905
0.38631384069846
0.24303804868629442
0.19081451587638756
0.17609125905568124
0.5528419686577808
0.6020599913279624
0.4873404199013485
0.47712125471966244
0.3452336581560347
0.5642714304385625
0.6105481015534813
1.105510184769974
1.1139433523068367