0.8677620246502007
0.6450946235531643
0.9330532103693868
0.4586378490256493
0.6879746200345556
0.8527848686805478
0.5228787452803376
0.08543019532462637
0.6232492903979004
0.6020599913279624
0.7231036840527382
0.36797678529459443
0.3912066260130692
0.4844823543660315
0.3379420789967522
0.40187030230047005
0.36797678529459443
-0.017033339298780342
0.28330122870354957
0.37863485347665093
0.26240059330785026
0.5362427068383191
0.21935994921266166
0.5185139398778874
0.6532125137753437
0.5750285000416676
0.43365556093857216
0.3692948272225076
0.4858074339047551
0.24947215869170433
0.15159093137974017
0.28630673884327484
0.5617968113107072
0.5969804657986875
0.6115358832118399
0.5195251032727497
0.566193090573434
0.6398485522173621
0.3654879848908996
0.47712125471966244
0.4128470549503761
0.6569086593353074
0.4742162640762552
0.6074550232146685
0.30642502755068735
0.202825512302926
0.7132104434506291
0.7625631519590442
0.3644169745283742
0.9160981152797909
0.7698787244176537
0.4136076409274432
0.7085153222422491
0.5563025007672873
0.29772736011389556
0.7579478642953567
0.39025318000574666
0.6901960800285137
0.4366925976640542
0.5118833609788744
0.7596678446896306
1.0086001717619175
0.7700333601614642
0.6103325172939522
0.8920946026904804
0.7501225267834001
0.1779672640544366
0.82985807345752
0.6989700043360189
1.0641174996117488
0.45442136462448585
0.4951256767080112
0.5698753079565612
0.7708520116421442
0.6627578316815741
0.5368894597231522
0.37405093300678754
0.7964400360959534
0.6161160557924236
0.3929954260549752
0.30710414337617437
0.47443211620888115
0.32614071624701235
0.6718177582924041
0.5494297727223838
0.4742734118468362
0.6562180239150689
0.7676858167054786
0.7807286732714543
0.7605660755825308
0.40626539745616874
0.20197177803565872
0.3568878131289821
0.5118833609788744
0.3277642489112259
0.2798406965940431
0.5177391056279265
1.090176630349088
0.47712125471966244
0.5576408515395495
0.6110148339808888
0.9724164783679115
0.5141048209728324
0.4161648287782367
0.508461006925909
0.5746217429810228
0.8266146343202436
0.3994097037528132
0.6092385759550858
0.8061799739838872
0.5303667666728875
0.6657290711973397
0.4223344476171871
0.18032831199893584
0.09883593404409484
0.12493873660829992
0.32735893438633035
0.6247239759639062
0.7846821175426014
0.6020599913279624
0.24551266781414982
0.3253893415234259
0.21884323947663112
0.5081554884596312
0.3228584331596539
0.24797326636180664
0.3254724521316411
0.3875104804531055
0.7911162275480113
0.6627578316815741
0.6503646709025175
0.6503646709025175
0.7725473728656451
0.3010299956639812
0.501595024102863
0.8061799739838872
0.5929166118880926
0.730378468587643
0.6419315033656546
0.6532125137753437
0.0886374870420665
0.6163004304425727
0.9154404253783728
0.91204482964487
1.0606978403536118
0.5713911715615104
0.5118833609788744
0.638272163982407
1.034762106259212
0.9912260756924949
0.7465522643119412
0.8767610482695944
0.9932666173410316
0.7308591487495004
0.5556499169000908
0.8487323246693509
0.8834944309285628
1.098244252097121
0.5107298557007426
0.560968794888477
0.28315527189427686
0.6386241519648548
0.6193189967694681
0.40605789889421706
0.5785788954784394
0.6715842038463863
0.6413132904756359
0.24640904477200098
0.5174158495788354
0.14459342460476995
0.21511536695738795
0.41912930774197565
0.3521825181113625
0.3357921019231931
0.32293183711181095
0.25403343298775766
0.34972191956370563
0.3949344985323124
0.5144455777434748
0.6503646709025175
0.7403626894942439
0.6555043105549285
0.6020599913279624
0.4270752156272506
0.5964561138099639
0.6575773191777938
0.9515533709285436
0.9208187539523752
0.8880262405560677
0.6478174818886375
0.6276979283422387
1.0723418215173193
0.6413132904756359
0.8066823389698081
0.6812412373755872
0.7403626894942439
0.9183299535486805
0.9700367766225568
0.49831055378960054
0.32293183711181095
0.6020599913279624
0.0871501757189002
0.20969986003676136
0.31439395722196267
0.6434526764861874
0.7647872888256622
0.5593080109070125
0.3347131088665537
0.3474873969029826
0.3245110915135041
0.5378190950732742
0.4890204780193702
0.7781512503836436
0.5460648041063509
0.3744589128225147
0.4027388915538063
0.8653014261025438
0.7201593034059569
0.5546353413998243
0.6989700043360189
0.7422386944929992
0.3010299956639812
0.3534180651236694
0.8372727025023002
0.6479641782189981
0.7284634661945362
0.7871060930365701
0.6666139678426853
0.680616802355139
0.871426978736606
0.6753469589895946
0.829946695941636
0.8266146343202436
0.6799467670225884
0.7522155162892439
0.7454821336302755
0.6178542585111942
0.7170145070296614
0.7220353084047122
0.5556499169000908
0.43326797101378056
0.3071903043687996
0.49209841068931526
0.5464477460956303
0.04029459485917301
0.14998845649147616
0.22847932851536945
0.1023729087095586
0.45593195564972433
0.5133334273741071
0.47712125471966244
0.3919080439021245
0.6729911619501644
0.3941470196548985
0.18406018872695656
0.13540417028646495
0.023694665798210085
0.18472562857988295
0.39957577136629674
0.4518153894548922
0.2001294999231201
0.1328661050104012
0.20564650261739734
0.31875876262441283
0.19522626949594227
0.2638881876594146
0.42957285654110644
0.2654916702849921
0.7346855566025534
0.4141772075427232
0.48000694295715063
0.4033350405587438
0.2771178382585698
0.1294392378349764
0.4161648287782367
0.42813479402878885
0.41912930774197565
0.6690067809585756
0.4860760973725889
0.5228787452803376
0.5131189079911813
0.4522976709946303
0.7201593034059569
0.5528419686577808
0.8166095022028192
0.5099137681159699
0.6812412373755872
0.7056005832350318
0.5211380837040362
0.5915945576497974
0.5642714304385625
0.33775280268872104
0.0
0.1368379599080077
0.38646019098860757
0.6690067809585756
0.4455222686479601
0.5676910896966998
0.505149978319906
0.6103325172939522
0.5824644352645817
0.23657200643706267
0.42100531274073105
0.38154959248386827
0.4643469666832336
0.39247711297053545
0.32905871926422475
0.3481425403096224
0.026652194771440187
0.062147906748844434
0.2677486084726527
0.22361777235520305
0.5440680443502757
0.5524469759230464
0.7390872275440012
0.6782147827453994
0.5036802832391304
0.7092699609758307
0.6331954002534564
0.3992742477611022
0.41753556473541836
0.46103443482620765
0.5293447875295693
0.5162733786818107
0.33852180595631876
0.13987908640123647
0.39211046501131375
0.5986537426360509
0.4407925085893055
0.20254359442096972
0.5952205667976569
0.4282726871818454
0.4637572931616809
0.5546353413998243
0.8069775765623497
0.1842857376709528
0.32142315430582447
0.24947215869170433
0.3322235158469251
0.28766603410599967
0.6962471460005455
0.6746106584765741
0.39581631504218207
0.47712125471966244
0.5633731995456623
0.4315486096531178
0.3430391386714927
0.3528254412219735
0.3705542081824051
0.5520005841868568
0.4305451126783073
0.6892101670468626
0.4288165751451074
0.4643469666832336
0.5674824948406708
0.8709053036205423
0.6070807927030132
0.6507930396519307
0.8633228601204559
0.7646086770683005
0.6773857125313463
0.5371191843949479
0.5336026106721106
0.23704768499710702
0.428674625648206
0.47712125471966244
0.6139592146276701
0.7228484419167381
0.2965756542377312
0.6159957692712549
0.5026753591920505
0.2954261181459827
0.52680903890877
0.5351132016973491
0.5199737546369303
0.4623979978989561
0.4304692334989576
0.585026652029182
0.46415627755529476
0.6935071086345167
0.414973347970818
0.20491758523438733
0.49082253239705054
0.7590583084746213
0.3721627886119509
0.08855793864329058
0.3048229846811203
0.30380504971875333
0.3490914411342206
0.4887031272694776
0.7269987279362623
0.926342446625655
1.2249398265934983
1.041392685158225
0.9104303501576869
0.8008943775222034
0.9661417327390326
0.744982887130989
0.7201593034059569
0.2477844837107561
0.49732464080794936
0.5095463446745085
0.6202122536724184
0.23699208818695577
0.4913616938342727
0.5026753591920505
0.7665693778338285
0.16562582537751624
0.3162699622207181
0.4372497426819702
0.6941175015416068
0.5627502573180299
0.5043953395863244
0.7481880270062005
0.5740312677277188
0.7846821175426014
0.21307482530885122
1.335792101923193
0.6283889300503115
0.7501225267834001
0.7403626894942439
0.4623979978989561
0.9294189257142927
1.1139433523068367
0.7061485889631421
0.5399120845791179
0.7353992699626938
0.4507923159973133
0.895264649479987
0.7294593264839191
0.7121314503939897
0.35654732351381263
0.09390450286833119
0.38021124171160603
0.5118833609788744
0.4101744650890493
0.429059809249423
0.45593195564972433
0.4045705875710507
0.40613448728730916
0.7384785456196924
0.3590219426416679
0.4607308385314931
0.6897293476011062
0.40016146866599567
0.08795517035512998
0.5086383061657272
0.14175223561795006
0.0
0.15550472827390374
0.13702723621603882
0.07310709833543165
0.4084054423502026
0.3601514477826378
0.7931284063532964
0.6787666182477319
0.2966651902615311
0.47712125471966244
0.6895625358141876
0.6963299081698104
0.5629078673658141
0.577635391996544
0.9507819773298184
0.8076062297219193
0.670414543882966
0.6989700043360189
0.7746907182741372
0.6869610968630033
0.6334684555795865
0.8166095022028192
0.8336685782334751
0.9420080530223133
0.8978887933061359
1.0314084642516241
0.556863242590705
0.9050244867691433
0.9313796264798206
0.8993298381186368
0.48878086726465575
0.36700629442838684
0.008954842652926412
0.6613739925439444
0.7672933227954353
0.1671364164027548
0.27238481421445115
0.2586261471108938
0.30616963531639224
0.414973347970818
0.5614421404196983
0.3010299956639812
0.21085336531489318
0.5528419686577808
0.6555043105549285
0.4416489365574435
0.5149098156090622
0.6941175015416068
0.6488033948702886
0.43933269383026263
0.43365556093857216
0.0986097978859508