0.5381752201296404
0.668249510527992
0.6447382062316388
0.5333441789585025
0.49257820578348777
0.45623768919413765
0.1925381101061096
0.19568681511906197
0.16173310900881405
0.5901607680282547
0.6600519383056491
0.8067964318331736
0.5616313342723542
0.5679286687408649
0.4214960410210827
0.6837300377792819
0.7524458501487418
0.8025105962430883
0.9661417327390326
0.6478174818886375
0.5622928644564746
0.28844086835596067
0.6879746200345556
0.3471617167363117
0.46852108295774486
0.47452844414138284
0.1885005170375012
0.10123138679069897
0.2582780152430313
0.1481685773267748
0.24380332550440673
0.24205213570464335
0.41735304971617265
0.32735893438633035
0.44148089845052874
0.38848376767759596
0.0558578174650009
0.2758464496457323
0.16930526971238913
0.3148182801496145
0.5012549344363818
0.5288280777935388
0.6232492903979004
0.43933269383026263
0.7704644217173526
0.5708022975975203
0.49884050441289873
0.3881801713828814
0.569336146519339
0.5723248039137017
0.6618986929604364
0.2243959386302363
0.42934847292366174
0.25105602070214256
0.5162191156115954
0.3397376986571048
0.4168253528324114
0.626419337187407
0.7569619513137056
0.3601514477826378
0.17026171539495738
0.6020599913279624
0.24144430567973713
0.47712125471966244
0.2260652340175198
0.29570116215891423
0.3294253672234464
0.5203899448766429
0.22596531581118853
0.38381536598043126
-0.021719249693236308
0.3690270747590923
0.37718478708141817
0.3010299956639812
0.3514394991415815
0.2626850035877615
0.3403757273930196
0.7269987279362623
0.5584261943971428
0.9669235411984138
0.3912066260130692
0.414973347970818
0.35471485462675756
0.5548809136324931
0.3951290313382092
0.5440680443502757
0.4704906758206493
0.7939455175668755
0.8776854072178488
0.7781512503836436
0.7552883674241394
0.8495071589193119
0.9629286886244175
0.8282301147269614
0.6276140958003505
0.4245377771658324
0.41585159798073973
0.49939764943081466
0.5228787452803376
0.42100531274073105
0.8786653876605253
0.6353009244666415
0.6293340761946244
0.5141048209728324
0.5740312677277188
0.8545395962470983
0.8767610482695944
0.7126497016272113
0.5141048209728324
0.7235924792443509
0.3414586527195894
0.5107298557007426
0.4427036899159692
-0.09892530424338199
0.3508763683090789
0.27828686852542145
0.30616963531639224
0.2869435343853761
0.2890210881909658
0.08009651399840632
0.0905698349770374
0.10510449162332795
0.04370892788540595
-0.06464283472104893
-0.0501666094657302
0.5499369780143736
0.5996932580488554
0.906578314837765
0.7278461320722478
0.7734561291752637
0.8549130223078556
0.9174651119447874
0.48418310920714924
0.7308591487495004
0.7128845188710521
0.6728672017718137
0.8098656635608502
0.9584184500934612
0.13881514009228837
0.12493873660829992
0.0
0.12790321557203896
0.25254537223688156
0.42499824140607356
0.5246477680191842
0.3397376986571048
0.2082759424270825
0.6020599913279624
0.7456654963021584
0.6949111478591512
0.6471383660631504
0.4320428799844743
0.5133334273741071
0.6368220975871743
0.8709053036205423
0.8378796830090752
0.4259687322722811
0.3304849750022568
0.45678267968650077
0.39641348871056514
0.5752882714472214
0.37358066281259295
0.3191282177567774
0.3909911487167098
0.3399480616943509
0.4686469471759576
0.5440680443502757
0.29751342194114405
0.25756430188289087
0.42977501852865224
0.3646990755333585
0.5039934011199638
0.5097457300090551
0.4586378490256493
0.3424226808222063
0.4648867983026508
-0.0404286570556082
-0.15286141833720637
-0.28119575067900926
0.1512676753306491
0.36678202668165094
0.2582780152430313
0.24640904477200098
0.5698753079565612
0.47712125471966244
0.6572152562290177
-0.026328938722349152
0.12778657948112618
0.23657200643706267
0.5118833609788744
0.5128368069861969
0.6258267132857112
0.7092699609758307
0.4420785058129443
0.3583253996184136
0.7436403992554798
0.4024876364227582
0.5295093241793507
0.3960880038104442
0.14841983245782284
0.4014005407815441
0.4101744650890493
-0.04061785090826406
0.38098058554770226
0.6271707119109935
0.4814860601221125
0.47712125471966244
0.7643629658980103
0.43291759222760895
0.5133334273741071
0.4954100404319721
0.052706350516002996
0.16675123280153786
0.10809417996057008
0.13188759656362775
-0.07918124604762482
-0.01046543367816498
0.2379782499168922
0.13156931550731307
0.11229725627967442
0.15678610386029457
0.42177261767867297
1.1072099696478683
0.9502025316375848
0.8846065812979305
0.8573324964312685
0.5440680443502757
0.7915152119416251
0.41857001019924983
0.5170492016196137
0.8101204564586855
0.7586728969877946
0.6494846412561005
0.644069134335474
0.744727494896694
0.7888751157754168
0.7021751442112303
0.4214211045215605
0.7905605083654637
0.984205732816768
0.9391350911765829
0.5563025007672873
1.041392685158225
0.9963657153449059
0.7979596437371961
0.7523439867773581
1.1139433523068367
0.9064697276433242
0.7573960287930241
0.5093059380910637
0.6989700043360189
0.5088356678968691
0.4096257669972323
0.202825512302926
0.4514158544847606
0.2477844837107561
0.5012549344363818
0.3865852577949156
0.58766217062732
0.41185452320707094
0.4883294763112974
0.49342376594206194
0.20232660991388127
0.652033966289801
0.8358079642440265
0.48365212187862017
0.5797835966168101
0.5261441327081049
0.3357921019231931
0.2802463897406891
0.3881801713828814
0.42934847292366174
0.4607308385314931
0.31784349467363127
0.638272163982407
0.9176487071628686
0.7569619513137056
0.651278013998144
0.6802877913682647
0.48705977725384225
0.7377225933280355
0.5479284651635138
0.7694476628617652
0.46922477387362865
0.519708698490831
0.3979400086720376
0.6971566635725505
0.7457481639491013
0.8052536434188925
0.47507751220967614
0.645640562634363
0.872828381959408
0.697077650658314
0.5740312677277188
0.7147642715192507
0.5367932598153708
0.2934768577735353
0.6916707655945193
0.7965229404546863
0.6558851036366705
0.6847295652214086
0.8957907482504441
0.9294189257142927
0.5858732302346872
0.6661774909397113
0.7481880270062005
0.7257631809239554
0.4839606792499679
0.3531276642556753
0.3575113516164294
0.39986592970807605
0.3440646278891831
0.1847774382407739
0.3010299956639812
0.2626850035877615
0.2775488998144583
0.721246399047171
0.3477733992063074
0.5814734605461849
0.33801356191715115
0.4178072535036805
0.3296751771135112
0.0055324885999610066
0.10720996964786837
0.45593195564972433
0.050305118311395745
0.5345645036055322
0.3463529744506387
0.4732948468666096
0.5287082889410615
0.5406075122407692
0.3010299956639812
0.52521996109524
0.6092385759550858
0.9311187105921871
0.6266824662362944
0.5708022975975203
0.6085908584869202
1.0857121132065826
0.6904818941104999
0.6609266505487839
0.8966558769865337
1.0660595687257197
0.6020599913279624
0.8071149463189602
0.5228787452803376
1.1980458349437315
0.8750612633917001
0.4442400283250068
0.5766554115538677
0.09538349304658392
0.3309932190414244
0.4349235749252076
0.5105450102066121
0.5528419686577808
0.3010299956639812
0.13321126257428986
0.4488316152317854
0.6888303729851389
0.7061485889631421
0.9066941112607688
0.638272163982407
0.6989700043360189
0.5026753591920505
0.8828866009036567
1.1012313867906989
0.9678153166285988
0.9777236052888477
0.7725473728656451
1.1522883443830565
0.7496627125722061
0.6575773191777938
0.8219301749622309
0.8670923337204247
0.6690067809585756
0.667000798260977
0.5081554884596312
0.8763182671112025
0.9164539485499251
0.6856060427780373
1.0122344564170116
0.9542425094393249
1.17871540288183
0.5934026717954639
0.660463007415282
0.7390872275440012
0.6499835436451452
0.8346326063360918
1.104735350520013
0.8935446690857132
0.449449828121804
0.2756254158898865
0.5118833609788744
0.5440680443502757
0.6709412807357753
0.4824500882247294
0.5419233758836866
0.6645524395323256
0.49831055378960054
0.5642714304385625
0.6219548200449017
0.20254359442096972
0.2856096367964874
0.3357921019231931
0.6330942250679312
0.3692948272225076
0.0766340570337449
0.5065762340579381
0.49884050441289873
0.5720967679505191
0.5902684665984044
0.561716749649147
0.17123875626126916
0.5262066886292651
0.3521825181113625
0.20712549279565
0.5099137681159699
0.41300375510791354
0.5044874389360288
0.7520484478194386
0.8527848686805478
0.7027301532093256
0.7422386944929992
0.4842998393467858
0.49816385745923997
0.762803558542489
0.8239087409443188
0.8864907251724818
1.1789769472931695
0.7834800838887106
0.8948696567452525
0.8838797284388886
0.7809263044384158
0.584569259167627
0.8250501200031279
0.805694999637674
0.6748363246192994
0.8217318216900442
0.41062104043112657
0.3463529744506387
0.3521825181113625
0.20693095998975322
0.32494215306939256
0.12142216288546279
0.39623354485802054
0.4246426412208882
0.26943100959227884
0.28119575067900926
0.29373075692248174
0.42499824140607356
0.292256071356476
0.4298291530855193
0.24007356972255545
0.4033350405587438
0.6789000215606847
0.8547853074173886
0.8586708472035307
0.6517477755170699
0.6642078980768068
0.5022319753026936
0.6507930396519307
0.5755524408482516
0.550550171878196
0.7671558660821804
0.8750612633917001
0.4728424567403875
0.6159957692712549
0.38270004211530073
0.21085336531489318
0.23220720103461262
0.22818892764737533
0.2645131618382187
0.19382002601611284
0.4014005407815441
0.21296261900880756
0.34820907335945045
0.27339770703595084
0.7013112201509213
0.6413132904756359
0.5062794834608759
0.6632544520694843
0.35355904694016577
0.19895414201518546
0.42499824140607356
0.3521825181113625
0.4868810920088187
0.5308844002048505
0.5702382787105797
0.2331297600260454
0.48047489672725024
0.5642714304385625
0.6651117370750514
0.6569086593353074
0.4036923375611289
0.4610938092855117
0.5124903414856493
0.2799873929244037
0.6066557430171116
0.8282301147269614
0.5144455777434748