0.8176597916673172
1.5250448070368452
1.0280287236002434
0.5155795065388381
0.9242792860618817
0.724275869600789
0.33243845991560533
0.45593195564972433
0.630088714928206
0.4648867983026508
0.06526673151259149
0.16481024864599217
0.644069134335474
0.7343390911020057
0.7363965022766424
0.7228026133426542
0.6423545861871354
0.8789046024734604
0.3424226808222063
0.6642078980768068
0.6635780292471773
0.45593195564972433
0.6585413472804106
0.226396377367077
0.43761271343598884
0.5458370670891223
0.6910010746647435
1.0086001717619175
1.041392685158225
0.47712125471966244
0.4082399653118496
0.9542425094393249
0.853871964321762
0.8372727025023002
0.8002013911267178
0.7075701760979364
0.724275869600789
0.5528419686577808
0.744727494896694
0.4527619088602178
0.47712125471966244
0.5475012201886695
0.7725473728656451
0.7160033436347992
0.6359182585889298
0.5440680443502757
0.22493982659349823
0.3521825181113625
0.3136191229720017
0.2604121447557171
0.21307482530885122
0.11471957142661392
0.10987499017242404
0.14092684199243027
1.2218487496163564
1.1702617153949575
1.568201724066995
1.0718820073061255
0.9336559786575475
1.0746336182969043
1.036429265626675
0.4440447959180762
0.5720967679505191
0.41753556473541836
0.5869962448920865
0.9234831456337869
0.6594614630523452
1.0177287669604316
0.8450980400142568
0.5797835966168101
0.6913506074658268
1.4742162640762553
1.057539321108782
0.7942978863342005
0.36797678529459443
0.1713961378473014
0.4483495121496379
0.5314789170422551
0.49008623188403005
0.40205657486686974
0.6184504075161318
0.8864907251724818
0.6720978579357175
0.6110148339808888
0.9542425094393249
1.0569048513364727
1.0606978403536118
0.6927210550590173
0.7781512503836436
0.529039053985156
0.26570203332223824
0.419894584560088
0.5539612849523847
0.6802877913682647
1.0
0.3744589128225147
0.7481880270062005
1.3290587192642247
0.7668702399739545
0.7745169657285496
0.7518223116612945
0.744727494896694
0.7426789322214247
0.6087933739869308
0.9912260756924949
0.6989700043360189
1.0159881053841302
1.0036041242688252
0.620387372417494
0.22184874961635637
0.2014418992554778
0.4610938092855117
0.392360131291201
0.5457416282398417
1.257945094964633
1.48902047801937
1.4055929729005632
1.0595856899842442
0.48055443055805636
0.5936268237910995
0.33321467903538243
0.8394209071225663
0.7695510786217261
0.625043898248652
0.3068595393247051
0.2621119296336115
0.20005841481257536
0.2287976095716842
0.41278912971095666
0.26836087891061305
0.5076872463852662
0.4620138364569205
0.41753556473541836
0.43549501511541966
0.3503916104934816
0.6965505302126059
0.36797678529459443
0.405239247413537
0.45678267968650077
0.3010299956639812
0.3498785632017982
0.5936268237910995
0.32880257388263073
0.3076605745629943
0.3581728818005499
0.20227584195755446
0.34845464559211936
0.22184874961635637
0.3467874862246563
0.23139406752258676
0.053684858962776354
0.23976033892505855
0.2808266095756942
0.30946316320084394
0.2529312892884035
0.26666109403271865
0.24228990985890098
0.24016508684056415
0.16444727789197353
0.07255066714861175
0.36797678529459443
0.3010299956639812
0.3367455479305157
0.5573502563584811
0.27370686845274633
0.3357921019231931
0.4036923375611289
0.5906804455844636
0.4887031272694776
0.5339441714304975
0.8394209071225663
0.8346326063360918
0.6549960665157609
0.8527848686805478
1.0047988828817687
0.9852767431792936
0.9805714481616741
0.9654507310309598
0.7653769623472148
1.006630578899013
0.9890046156985368
0.6960650136926116
0.7065671860865402
0.7998705000768799
0.6898903464841004
0.994860360347589
0.7178553484963927
0.6833649310054427
0.6073242313203197
0.6393843143517747
0.21670910996394527
0.29582880197817346
0.24734513670120484
-0.21260809288144372
-0.11149201288105352
0.15565009881313666
0.32673539589888306
0.3951290313382092
0.515873843711679
0.430663853480661
0.6243363860391146
0.6661774909397113
0.24303804868629442
0.4573771965239053
0.3784422189727593
0.41406950897257344
0.31592155106532627
0.5351132016973491
0.5242337993653037
0.5149098156090622
0.47712125471966244
0.4873404199013485
0.6592028774645311
1.2833012287035497
0.9294189257142927
1.2787536009528289
0.47271213581460736
0.5137702335280063
0.6020599913279624
0.3830222190454345
0.254729976011012
0.21685680405885732
0.34449568944507153
0.43637628702960307
0.29800354103379334
0.29104577475738025
0.3350652490641514
0.594593426642608
0.5596015523050775
0.5563025007672873
0.3264771178764606
0.36172783601759284
0.2774069503175569
0.03987151203769228
0.07295788188252814
0.30642502755068735
0.6989700043360189
0.5614421404196983
0.36382082552343664
0.40708338811190736
0.3877208434903515
0.3818531887785828
0.4795679906667498
0.2903936808181962
0.16153253888475624
0.28285602673539456
0.5961511317174422
0.6216135277036413
0.5477023290053697
0.7541509739798772
0.8239087409443188
0.8066823389698081
0.5810173885883849
0.7868374295687363
0.7998705000768799
0.9003671286564703
0.5858732302346872
0.6989700043360189
0.5603052432209612
0.7132104434506291
0.7871060930365701
0.7342457646845619
0.6350602514308877
0.9960338127823986
0.8927900303521317
1.1238516409670858
0.909080350681131
0.6060627337816363
0.4372497426819702
0.5006023505691853
0.895264649479987
1.14921911265538
1.3424226808222062
1.0552690886422136
0.895264649479987
0.48350805338106306
0.9164539485499251
1.0910804693473326
0.4796986776074731
0.7123339658940003
0.6298890851927198
0.7942978863342005
0.632873938742182
0.4918445115403688
0.41912930774197565
0.6334684555795865
0.33852180595631876
0.5308061136824388
0.31527043477859146
0.7581341368617565
1.0387525889920166
0.7654887067147175
0.6166187114988874
0.645358873322134
0.6290434810135559
0.6792259461402617
0.8880262405560677
0.5835765856339492
0.7509990043400289
1.064017304783319
0.4607308385314931
0.11303951330859223
0.3096301674258988
0.5274263730310582
0.724275869600789
0.8962505624616381
0.44290715418856086
0.5118833609788744
0.6532125137753437
0.31175386105575426
-0.05551732784983137
0.6283889300503115
0.49351167090783177
0.5766554115538677
0.18905623622004886
0.8016323462331665
0.5099137681159699
0.35355904694016577
0.3459971411805044
0.6020599913279624
0.2787536009528289
0.5211380837040362
0.45312097831589593
0.6000065856969036
0.47712125471966244
0.25870568094170004
0.5105450102066121
0.4465831874702009
0.5128945243737367
0.5931051486750359
0.4522976709946303
0.40028122448694015
0.5816842319562443
0.26916036089682266
0.3919080439021245
0.47104710700746927
0.5263392773898441
0.6217146793244324
0.6488033948702886
0.31875876262441283
0.40683372183202016
0.44369749923271273
0.5603052432209612
0.23160858690551264
0.3010299956639812
0.5642714304385625
0.6020599913279624
0.19904045712664978
0.3534180651236694
0.670245853074124
0.43805723188002
0.3010299956639812
0.4304692334989576
0.414973347970818
0.8346326063360918
0.7346855566025534
0.8872957198087117
0.9265710828414665
0.6133410017376515
0.693140460675295
0.8846065812979305
1.0299632233774432
1.2041199826559248
1.0980665902079987
0.7040495298652938
0.4319590959614686
0.306050797039032
0.17609125905568124
0.4024876364227582
0.37675070960209955
0.2852357284807493
0.6863808770279982
0.46982201597816303
0.49291552190289434
0.49642640991504905
0.28844086835596067
0.43572856956143735
0.5149098156090622
0.26570203332223824
0.2741578492636798
0.4139281140561679
0.3409015077016735
0.5396137029240257
0.3659708025969958
0.4086638740638107
0.032184683371401235
0.32658410013636935
0.2571245099648995
0.37413709399941286
0.5075038837133833
0.5467571828610569
0.24817768833870552
0.4566800944771179
0.2918866162241114
0.4721004533446117
0.21141922139742425
0.1903316981702915
0.443262987458695
0.9391350911765829
0.516629796003336
0.5081554884596312
0.6320232147054056
0.6651117370750514
0.5032521115768203
0.5011594955871013
0.3162699622207181
0.4881166390211257
0.4607308385314931
0.4181433947603246
0.6471383660631504
0.40170015754534444
0.20576192972290153
0.7201593034059569
0.6989700043360189
0.6239618327757921
0.7390872275440012
0.4179998026010058
0.5272001190629801
0.3513351139753769
0.6600519383056491
0.6904818941104999
0.4471580313422192
0.7812869642365022
0.2845149075984226
0.5282737771670437
0.47712125471966244
0.5694355160385698
0.6202848114341615
0.4890204780193702
0.45425837176015826
0.5471591213274175
0.4507923159973133
0.6566456896137376
0.8252637950292848
0.4539974558725247
0.40970111955782795
0.4522976709946303
0.3292612347642354
0.35024801833416286
0.7812869642365022
0.11197375944393234
0.5322765196207176
0.6782147827453994
0.4507923159973133
1.0385633951393607
0.5528419686577808
0.5831157956894982
1.0662162688832573
0.6901960800285137
0.8581933381044046
0.9731278535996987
1.036429265626675
0.8364550785107505
0.9642844477334656
0.6518316080589581
0.4323089103033002
0.8048855036308884
0.360798200667471
0.6632544520694843
0.7393491663226917
1.0710633558254454
0.7415574481071874
0.8246086516226451
0.8073094791248571
0.9283958522567138
0.8603380065709937
0.8905734295699476
1.0320021683521556
0.8837848317965569
0.6545147470805882
0.7533276666586115
0.7389991264214953
0.414973347970818
0.6423545861871354
0.44120869882901803
0.7011360660925265
0.3834889514728419
0.44895263919297074
0.39280036901962656
0.624210119289598
0.6469814961022963
0.7700333601614642
0.8916303648248929
0.8223549128756971
0.599585372200107
0.9229848157088828
0.414973347970818
0.6690067809585756
0.29589035601157015
0.4066635770768945
0.26626788940476925
0.3352440961950829
0.27842220491850894
0.13236275468750683
0.16481024864599217
0.2796919401336392
0.3702270208050051
0.17453185170015997
0.42294227764209336
0.4551269610134945