0.6112679931147862
0.47712125471966244
0.7287463942057824
0.5716773623342415
0.5376906245851599
0.3155887158349062
0.5031346870845804
0.8495071589193119
0.6080503550171498
0.5688916280753078
0.6927210550590173
0.820555098936731
0.6642078980768068
0.6368220975871743
1.0159881053841302
0.820555098936731
0.6989700043360189
0.7040495298652938
0.8219301749622309
0.7533276666586115
0.6772507546427825
0.5028821168640839
0.7346855566025534
0.5922560878339179
0.5462781991553924
0.697077650658314
0.7880897729178235
0.5488144793747373
0.4458635609892204
0.2584425518928127
0.4839606792499679
0.6349621612030505
0.5037437348400765
0.6842467475153124
0.5394478467135304
0.4830301143301827
0.6667853209646176
0.6895625358141876
0.47712125471966244
0.6020599913279624
0.758846095188257
0.45425837176015826
0.5509074688805811
0.41791108960265766
0.6784483371914171
0.5314789170422551
0.7249057384304185
0.8828866009036567
0.6709412807357753
0.6856060427780373
0.7579478642953567
0.8978887933061359
0.6547663418439654
0.8562344061322164
0.5307040827922941
0.6588527811280364
0.6989700043360189
0.6734158998636307
0.6087933739869308
0.5108698378073221
0.29638509061821766
0.5893480258118247
0.1924816752438506
0.3979400086720376
0.26814876926932557
0.5195251032727497
0.5254259342942175
0.34845464559211936
0.7239722733060745
0.5141048209728324
0.5412387543314113
0.7323937598229685
0.6446123420134261
0.4237472722783231
0.7362590890554666
0.6188734903376125
0.5965970956264602
0.6184504075161318
0.5043953395863244
0.7429868333203926
0.8077431231767653
0.7057737123909635
0.7625194273698401
0.6892101670468626
0.7806400507873383
0.724275869600789
0.7734561291752637
0.8750612633917001
0.8946568194550808
0.66793577059605
1.041392685158225
0.545508491713583
0.7433891441244317
0.5854607295085006
0.49986438185822213
0.37106786227173627
0.5195251032727497
0.4913616938342727
0.3531276642556753
0.2752227320576957
0.3551268987581438
0.36614817424818635
0.7269987279362623
0.2379782499168922
0.4031725356057146
0.48855071650044424
0.28929159239273705
0.1714955073665321
0.44925607639791093
0.34845464559211936
0.31064576445558034
0.36172783601759284
0.3644169745283742
0.4941545940184428
0.3450039334842391
0.2861043177340856
0.3010299956639812
0.20411998265592482
0.3114954293421462
0.3276524757843953
0.3270717975283314
0.4344568424978001
0.1929920095938826
0.3110142165705821
0.40792422957863855
0.2717406195619937
0.21085336531489318
0.18391659656763784
0.17181246107640627
0.4862646341595322
0.5006023505691853
0.43326797101378056
0.47091694231837766
0.632873938742182
0.6801431470765351
0.635838417705921
0.585026652029182
0.316007151633634
0.52680903890877
0.28200675835055083
0.38848376767759596
0.5660623380564436
0.34845464559211936
0.16654594114945087
0.22184874961635637
0.48509018439093776
0.3521825181113625
0.4620138364569205
0.5726503620113332
0.6049078342007886
0.8681124034363723
0.39425431909507447
0.4212634372546615
0.7174534100300319
0.6101276130759954
0.5032521115768203
0.5762527277216769
0.718714062531776
0.6503646709025175
0.6603910984024671
0.41218044778664786
0.36148254118932477
0.38168592727761175
0.22184874961635637
0.38270004211530073
0.22807211378145303
0.34704287845895143
0.2673066234132312
0.9469432706978254
0.8421335610505178
0.6266824662362944
0.7403626894942439
0.5698753079565612
0.6090088512832902
0.20772410692475002
0.7362590890554666
0.2466723333413885
0.45829439746017875
0.5070844780971057
0.5134712767585063
0.32005323297741156
0.10914446942506809
0.09925122882295893
0.27689631594726183
0.31875876262441283
0.4621440987500096
0.3966416684467568
0.29873819888439634
0.40834276907180483
0.555879005383263
0.37675070960209955
0.41052913598005814
0.5334027052683954
0.5132176000679389
1.104004829772657
1.1186897873312984
0.6188734903376125
0.7683914130944873
0.6797715422948116
0.8008943775222034
0.5925146734217319
0.6713864827039303
0.7297046213121873
0.5900951992983191
0.8426092396105621
0.8094436086375428
0.6307051727774924
0.6638055872727678
0.5970965717964123
0.5813753924681113
0.28399665636520083
0.47218603704415024
0.3309932190414244
0.37431696332561337
0.47712125471966244
0.37106786227173627
0.48467439261010836
0.7720771026714505
0.37787002589670354
0.42387574276643736
0.6596849805466786
0.6812412373755872
0.6376361455891585
0.471824914909714
0.7346855566025534
0.6068588742097311
1.002705893375925
0.6116053092341928
0.6989700043360189
0.28476238294952794
0.36797678529459443
0.8976270912904414
0.8978887933061359
1.1931245983544616
0.8521983804321958
0.4212634372546615
0.422073688388757
0.5371191843949479
0.4277163985418012
0.6239618327757921
0.619788758288394
0.47712125471966244
0.5101215148225878
0.45167413250718297
0.17609125905568124
0.26032249783994765
0.42893321123602013
0.3341983589166358
0.5210267404187441
0.7096938697277919
0.28923847093442323
0.3937840489008799
0.6320232147054056
0.9199034860015937
0.7504798237857853
0.7015941481621676
0.5604024116925386
0.5802802170047203
0.36797678529459443
0.5716117936043059
-0.03742649794062361
0.1802078252505134
0.28228055965114224
0.34845464559211936
0.4593924877592308
0.4105698173984667
0.5804180663891194
0.45379782613703856
0.420505836570779
0.5668955742647115
0.2835392635036458
0.7142099708927557
0.23567694903992534
0.20802670598873377
0.47712125471966244
0.6060627337816363
0.2632414347745814
0.4623979978989561
0.8653014261025438
0.9330532103693868
0.4593924877592308
0.6188734903376125
1.041392685158225
0.6553055032811874
0.9378520932511555
0.6938303646836077
0.49925569993391333
0.6356273389742308
0.7308591487495004
0.5504392268062162
0.4869920087459567
0.5185139398778874
0.8129133566428556
0.8765824365122328
0.6889280660418783
0.7520484478194386
0.620387372417494
0.7081780061228425
0.3054391145690362
0.5201558869448643
0.6491725359736036
0.9777236052888477
0.6049078342007886
0.8609886351299905
0.24073409377673016
0.7958800173440752
0.9059378298647698
0.6446123420134261
1.2721732556415075
1.0024060697658785
0.9060954971316688
0.6064691102330174
0.6858369890647363
0.6643285186808049
0.45493242820759777
0.7096938697277919
0.6933901269551822
0.6215577810272407
0.6121838642477405
0.8091854841236124
0.7101541712885324
0.9113625129579335
0.7615519885641819
0.5134225042858959
0.6423545861871354
0.755697628784946
0.6666139678426853
0.2814344396006005
0.36027291176941845
0.2333866630101136
0.27699175479654237
0.6773109437471548
0.8404778423775117
0.5536555083560009
0.9242792860618817
0.8117598513647237
0.9966463579924122
0.9983264161104338
0.987144679314413
0.19382002601611284
0.35871338527032026
-0.07432874325321276
0.12672964422618085
0.22792289732854953
0.14424389180368663
0.6283889300503115
0.14921911265537988
0.3875991753338188
0.5578563288359089
0.48418310920714924
0.4045705875710507
0.3862016054007934
0.33929449575926374
0.11876591924172272
-0.07378621416091866
0.5314789170422551
0.5401730004667514
0.8731267636145004
0.7363965022766424
1.166331421766525
0.9391350911765829
1.334453751150931
1.0624110357977319
0.7300042380759876
0.8257928848188703
0.8854640237914673
0.8573324964312685
1.0090481289773972
0.882614401282146
0.9692196654089776
0.6678120223456322
0.5910646070264992
0.5440680443502757
0.47712125471966244
0.6941175015416068
0.20411998265592482
0.15313293724689653
0.48337020399666397
0.3557687852439461
0.4317058630202394
0.21085336531489318
0.3994611817925704
0.2461291256634363
0.05040950347760033
0.10292804669705592
-0.1918855262389131
0.20983984214334092
0.06756063352348278
0.1864145341460292
0.18752072083646307
0.23257261500812942
0.2714747521022651
0.062147906748844434
0.24303804868629442
0.6620579210032478
0.3207740538597384
0.5388668506644678
0.3463529744506387
0.49677594271613246
0.4446355006381772
0.3010299956639812
0.6055483191737837
0.5750285000416676
0.5085297189712865
0.3862016054007934
0.5360401913383084
0.5012549344363818
0.7978059383801136
0.3010299956639812
0.5768241679118891
0.8565778576976869
0.7185655603993996
0.43933269383026263
0.41753556473541836
0.3146028028532551
0.5957505174209552
0.5917600346881504
0.43291759222760895
0.6334684555795865
0.42957285654110644
0.38021124171160603
0.7781512503836436
0.8481891169913987
0.6569086593353074
0.16891267442855787
0.43253912206692197
0.4725736269689418
0.5812098523548422
0.4806378284424996
0.6468723357443247
0.24844651811015117
0.4203936302707353
0.48509018439093776
0.48509018439093776
0.6048350453827345
0.3825651471050834
0.3718372061078325
0.34018211962612943
0.33965939802011214
0.3575113516164294
0.20772410692475002
0.4923612212763993
0.529039053985156
0.5827548361325757
0.6835951427690645
0.7342457646845619
0.4564366558598114
0.49732464080794936
0.22792289732854953
0.5143209416450721
0.41830129131974547
0.5125935728818813
0.6045776475492088
0.4425568696029065
0.4535124815263115
0.20307474874127476
0.2684426284603892
0.19260634712123995
0.4240927272735258
0.17609125905568124
0.5088356678968691
0.7384785456196924
0.4045705875710507
0.5484771632553307
0.625043898248652
0.8016323462331665
0.6176650646585384
0.7284634661945362
0.7803391365318192
0.7781512503836436
0.25147121622315727
0.6443490534440386
0.5555478620337058
0.2016453635280694
0.40016146866599567
0.44636189091412437
0.5128368069861969
0.40532196229463713
0.3070203593531686
0.27106677228653797
0.4304692334989576
0.6690067809585756
0.4673614174305062
0.3010299956639812
0.5401730004667514
0.9719712763997564
0.4581534156436824
0.6283889300503115
0.516629796003336
0.7807286732714543
0.557992364696662
0.8071149463189602
0.2980856150171999
0.35599548801148007
0.28650374246738475
0.24987747321659987
1.4017833477537978
1.0202033860882869
0.9688420180096133
0.5141048209728324