0.7021751442112303
0.8611254854484076
0.8172491112755765
0.8450980400142568
0.6953357196809247
0.6389720746607334
0.5381187118370745
0.6085908584869202
0.670113264313545
0.4000533679854367
0.8901250098275759
0.6067551125363423
1.1139433523068367
0.8048855036308884
0.724275869600789
0.5528419686577808
0.7942978863342005
0.8181564120552274
1.1818435879447726
0.7081780061228425
0.7194455900458164
0.8761322737542256
0.12104369272477576
0.3843672014827637
0.6268835750529945
0.45781609952427577
0.5209001792982497
0.48192013760143115
0.7468935566532016
0.4471580313422192
0.2701534291909114
0.6342446746993636
0.40812493565102526
0.3280134853495747
0.38098058554770226
0.057142886136568725
0.765916793966632
0.7318189159509503
0.6907496740893277
0.8221680793680175
0.8081144737610868
0.8450980400142568
0.5528419686577808
0.4504690599482223
0.667000798260977
0.5785788954784394
0.6792259461402617
0.6989700043360189
0.5351132016973491
0.6434526764861874
0.6137039724916701
0.5534304436555484
0.6334684555795865
0.3203351508593678
0.08141412747991676
-0.015651945542796114
0.02864518144953001
0.01246864055959803
0.08543019532462637
0.3825030384911908
0.5711834248548926
0.5495081298686321
0.638272163982407
0.6952580630903015
0.8159398112730435
0.5691787649333068
0.6799467670225884
0.5783960731301689
0.5597356766056812
0.11650556907143717
0.6082203000327808
0.3357921019231931
0.6609266505487839
0.2925968281271184
0.41701388961935465
0.31875876262441283
0.23552844690754893
0.6020599913279624
0.3010299956639812
0.29104577475738025
0.3309932190414244
0.7993405494535817
0.8303747831935505
0.6048350453827345
0.5100573128146502
0.5934598195660448
0.8564379657712387
0.49008623188403005
0.5246477680191842
0.5440680443502757
0.47485339326384035
0.3450039334842391
0.13469857389745615
0.7418225042532867
0.6938303646836077
0.5889383140060573
0.4522976709946303
0.3899710790007623
0.11175913404697548
0.14998845649147616
0.22418996543125888
0.2475107399374929
1.1089031276673134
0.5622928644564746
0.5356019968889618
0.5821216613857749
0.8450980400142568
-0.0889410833367811
0.08652797721433464
0.0
0.2902529046477891
0.22944593136687783
1.0653929615619915
0.9200284089082232
1.2833012287035497
0.2245131412977681
0.2632414347745814
0.23630466602732605
0.25457259442497976
0.43365556093857216
0.32696572975838095
0.6000447000926368
0.5157959503419243
0.5310382325986557
0.5452370746171272
0.4333090954380244
0.37177807417474323
0.7013112201509213
0.9912260756924949
0.6690067809585756
0.4735759739550127
0.785329835010767
0.6059204121412005
0.5815383241833607
0.5608544617347554
0.5545756814667813
0.4922549978487196
0.6020599913279624
0.65213885567128
0.9232933730802306
0.7343390911020057
1.066946789630613
0.9164539485499251
0.8750612633917001
0.2852357284807493
0.4352290933914853
0.3325767922887779
0.30457527642863086
0.34053853694765485
0.5622928644564746
0.83292076146342
0.8094436086375428
0.5199737546369303
0.40812493565102526
0.6734158998636307
0.2546199212361096
0.3924075200720766
0.4123959250830073
0.21230343171012594
0.4842998393467858
0.6089355093120101
0.5347280180961322
0.32251891149771955
0.6860692196899711
0.5263392773898441
0.5910646070264992
0.5362427068383191
0.2794903178078715
0.5630358834262557
0.6414057230570008
0.49549294479070505
0.48350805338106306
0.4014005407815441
0.46839142346076645
0.41077723337720984
0.3581728818005499
0.3226411446766585
0.43098953364733195
0.28372513745551076
0.6553055032811874
0.4504690599482223
0.6106601630898799
0.4416489365574435
0.5118833609788744
0.5404030902638703
0.6070807927030132
0.6690067809585756
0.7011360660925265
0.7269987279362623
0.7144821705142663
0.7276151857855488
0.8929186911387054
0.47712125471966244
0.499929547209369
0.46626332713145413
0.44039844769492253
0.5108698378073221
0.40114514854724903
0.48666657262589286
0.5785788954784394
0.38021124171160603
0.06694678963061322
0.3253893415234259
0.47712125471966244
0.7300042380759876
0.6112679931147862
0.516629796003336
0.4237472722783231
0.8307635875900679
0.6518316080589581
0.4301246920434389
0.09902337232145551
0.13433651094868007
0.1968748649789733
0.11013827874181159
0.4490925311194189
0.7215358322347601
0.49884050441289873
0.23914300480277026
0.34124253204734967
0.21041928783557454
0.13763300723650554
0.029963223377443202
0.20336534392234323
-0.008863460331305072
0.46650227870936845
0.5026753591920505
0.47234873985841747
0.5923001540388062
0.3446413036901585
0.6439858803369628
0.6943742526468697
0.5563025007672873
0.470281830189357
0.29787147641915146
0.6051510683051042
0.6636779474535086
0.5383909114585851
0.6255410871774852
0.715464182197577
1.141673694251988
1.039193721058287
0.842392146638332
0.8882227094496709
0.1429618407415725
0.4301246920434389
0.4399794467150958
0.069080919143299
0.30384097299780966
0.4054931465624835
0.20925962230833584
0.5617968113107072
0.4203441182736568
0.6377003475970962
0.6222633774162494
0.6818245745780014
0.37078776262842283
0.7983546364719306
0.5334027052683954
0.649832773123963
0.7844914284146626
0.5752882714472214
0.7013760741018973
0.423436395756886
0.6661774909397113
0.6275071135404419
0.5025258344937571
0.8239087409443188
0.8670923337204247
1.1018452306835687
0.9008221255361215
0.938448242256093
0.7620217500831078
0.9283067753449251
0.8429533715476677
1.0320021683521556
0.8476754629020675
0.9542425094393249
0.6647068004658515
0.9598827767920175
0.5965970956264602
0.6137039724916701
0.5087202407913648
0.35948175685286193
0.4354446241561587
0.6697816152085365
0.6871171775410188
0.7167795627545763
0.489858076122595
0.532424063186568
0.5936268237910995
0.5786761727734824
0.49560466041367557
0.8609886351299905
0.7429868333203926
0.8431548847282547
0.9902401627108438
0.6154239528859439
0.6916707655945193
0.5906003691609117
0.2808266095756942
0.6856060427780373
0.5947607525864629
0.9566485792052033
0.7132104434506291
1.041392685158225
1.1413291527964693
0.8846065812979305
0.8616973018337185
0.8334540588505491
0.6050655014676876
0.3638892776446129
0.23813071419155027
0.2842597854140882
0.5397178128326875
0.545508491713583
0.46025332943236696
0.4616090885414149
0.5994037476842222
0.2351014819556729
0.12394150429435125
0.2141448760911804
0.3109382843242302
0.17026171539495738
0.19438004476799095
0.47989630877443457
0.584755133119492
0.3222192947339193
0.24715461488112658
0.5581545056288807
0.42100531274073105
0.3916910593950361
0.505149978319906
0.4237472722783231
0.3488027774599819
0.7231036840527382
0.661181443446619
1.135662602000073
0.765916793966632
0.5118833609788744
0.6799467670225884
0.9852767431792936
0.7112044607530305
1.3324384599156054
1.1522883443830565
0.18105467858723132
0.4117282931576709
0.7201593034059569
0.5031346870845804
0.48311161840884986
0.36797678529459443
0.5034501934420116
0.8061799739838872
0.6457244923827937
0.795052000921845
0.8480424206610381
1.2207616539751422
0.7178553484963927
0.7690078709437739
0.656041803794208
0.6989700043360189
0.8450980400142568
0.9030899869919435
0.5982998424546556
0.8151348166368136
0.5177391056279265
1.1139433523068367
0.9905925314781687
0.9087671198836341
0.8908555305749319
0.6647943863251589
0.7387805584843692
0.799640166217382
0.5532760461370995
0.5942346538160057
0.5104284367306999
0.44968300637272285
0.4451734377200468
0.6471383660631504
0.5428958588022247
0.29576575567162394
0.3039944746277202
0.054357662322592676
0.17775204303714576
0.24228990985890098
0.12394150429435125
0.17129237617391252
0.06752623532284678
0.13167211926726838
0.4381346393273158
0.2461291256634363
0.3284682440109208
0.7491875544483271
0.5279582708096126
0.8096683018297085
0.5190857562631985
0.5937874653619726
0.6489960293741802
0.5298276052356654
0.568201724066995
0.5813753924681113
0.5730317402855922
0.630088714928206
0.6900151616830924
0.6989700043360189
1.0492180226701815
0.7569619513137056
1.1139433523068367
0.8346326063360918
0.9229848157088828
0.6488033948702886
0.6434526764861874
0.8081144737610868
0.9874108726919795
0.7974564055790303
0.12493873660829992
0.2701534291909114
0.620387372417494
0.5189125580627362
0.6163004304425727
0.44369749923271273
0.7472746839105738
0.45909815058638986
0.5237464668115644
0.49048521627764397
0.37675070960209955
0.2854622184373315
0.21484384804769785
0.6773857125313463
0.5552044104682352
0.6910010746647435
0.5077900744861144
0.4451734377200468
0.3654879848908996
0.5488144793747373
0.5440680443502757
0.414973347970818
0.0
0.13033376849500614
0.3162699622207181
0.04830467957455504
0.054357662322592676
0.47712125471966244
0.2596373105057561
0.414973347970818
0.41300375510791354
0.34933467523853623
0.15836249209524964
0.27106677228653797
0.49485002168009407
0.43761271343598884
0.3635854993286226
0.6429933485936576
0.7164314308867137
0.46900336449748303
0.3375941563008736
0.8129133566428556
0.8920946026904804
0.7208259105696851
0.7319060624310065
0.44571279046803836
0.6446123420134261
0.4250922547156524
0.7491875544483271
0.709965388637482
0.7857043882740895
0.5006023505691853
0.7586728969877946
0.6665179805548809
0.7676858167054786
0.8095597146352678
0.7900504736833514
0.5827548361325757
0.3952999125058292
0.3877208434903515
0.5942346538160057
0.6368220975871743
0.6356273389742308
0.9542425094393249
0.7617608341954742
0.703086570530851
0.7634279935629373
0.6532125137753437
0.9905925314781687
0.8016323462331665
0.8195439355418687
0.760777154314221
1.2130748253088512
1.0449671455165233
1.066946789630613
0.5713911715615104
0.7966346560776568
0.964835582936749
0.9890046156985368
0.9481683617271317
0.6729911619501644
0.964835582936749
0.656041803794208
0.9834007381805383
0.9488474775526188