0.7703259128716871
0.6474980302509143
0.6851817198503856
0.7417219847569687
0.4620922643545428
0.42805168342057354
0.27651784578657473
0.6989700043360189
0.5535096005831172
0.6623080186098733
0.6910010746647435
0.42063989876721425
0.36974580803344104
0.5570330215146433
0.3184040917334039
0.3319414606449972
0.37358066281259295
0.5723248039137017
0.7942978863342005
0.8846065812979305
0.8016323462331665
0.9631973520922513
0.4637572931616809
0.31527043477859146
0.5129596799483699
0.745270023988988
0.36172783601759284
0.1789205490745455
0.39032061180184563
0.2717406195619937
0.12802981358544177
0.22044553520691837
0.4111014547300085
0.30914788588616066
0.33041377334919086
0.28965044992048244
0.1737115573103266
0.1995723549052041
0.2713593249967609
-0.11344444991779211
0.3205835320396601
0.32293183711181095
0.3853508813640171
0.5274263730310582
0.7132104434506291
0.16272729749769974
0.05115252244738129
0.1978105087489175
0.3521825181113625
0.6792259461402617
0.5006023505691853
0.22184874961635637
0.3010299956639812
0.45974715865023974
0.414973347970818
0.15678610386029457
0.3869446243705744
0.2676062401770315
0.48091424373680147
0.3979400086720376
0.6509085588657794
0.682883184442564
0.4593924877592308
0.4109049858364052
0.7022979476849462
0.6766936096248666
0.4869920087459567
0.7061485889631421
0.5509074688805811
0.5952205667976569
0.725298943058368
0.5713911715615104
0.5614421404196983
0.8073094791248571
0.685397197146745
0.061269656738922706
0.47712125471966244
0.7377225933280355
0.449449828121804
0.4725736269689418
0.505149978319906
0.40114514854724903
0.3621667390179634
0.43820318868929276
0.25756430188289087
0.25632026069449987
0.23922284568577903
0.11850462660289006
0.43831917065871046
0.48311161840884986
0.44313675740929503
0.5381187118370745
0.8026250197668442
0.685397197146745
0.7155957467190023
0.4288165751451074
0.6255410871774852
0.6182066272785193
0.5862657241447304
0.33775280268872104
0.39623354485802054
0.2741578492636798
0.17410363782016772
0.40605789889421706
0.5772364076029303
0.3409015077016735
0.4303778511773362
0.45364015887013953
0.18905623622004886
0.3640817414110702
0.3056257473531303
0.6959644941962936
0.1674910872937637
0.3714099611329883
0.5593080109070125
0.576916955965207
0.4941545940184428
0.5653371843032226
0.7144821705142663
0.49101986423622135
0.7864237763496336
0.7300042380759876
0.7978059383801136
0.7533276666586115
0.6802877913682647
0.6059204121412005
0.6720978579357175
0.4863619114545751
0.25644786301124073
0.23576326415138962
0.14468279480405713
0.3575113516164294
0.12757883277450838
0.2604121447557171
-0.006630578899013093
0.7481880270062005
0.6232492903979004
0.32735893438633035
0.5351132016973491
0.5606673061697374
0.3832167518513312
0.5081554884596312
0.7201593034059569
0.5862657241447304
0.43365556093857216
0.5118833609788744
0.7900504736833514
1.1139433523068367
0.6154239528859439
0.6532125137753437
0.6532125137753437
0.3065624842639422
0.4721004533446117
0.35355904694016577
0.29242982390206357
0.5088356678968691
0.6698443790618004
0.757710090141099
0.44996900867604767
0.4082399653118496
0.4883294763112974
0.5934026717954639
0.5364352559356445
0.6818245745780014
0.7974564055790303
0.8195439355418687
0.9294189257142927
0.9777236052888477
1.0064660422492318
0.6468723357443247
0.719600005863231
0.8118998334713033
0.29570116215891423
0.3508763683090789
0.5751878449276611
0.3904304068932921
0.43291759222760895
0.34449568944507153
0.28399665636520083
0.02454294107752592
0.23608918873096665
0.2962835606395195
0.3245110915135041
0.43700403151168
0.4616090885414149
0.5506186132118658
0.5990335366977746
0.5611013836490559
0.5331418207276597
0.8493558631567982
0.4913616938342727
0.7350663496842954
0.6368220975871743
0.6644207353669785
0.6377755435944968
0.6478174818886375
0.37131752855162353
0.5455786353755141
0.5622928644564746
0.5622928644564746
0.7732987475892316
0.8603380065709937
0.6766936096248666
0.8016323462331665
0.3010299956639812
0.6172999578846993
0.8129133566428556
0.9777236052888477
0.8653014261025438
0.4471580313422192
0.7676858167054786
0.32735893438633035
0.6368220975871743
0.2907300390241692
0.5740312677277188
0.6095695931067079
0.6221299741032965
0.41447444558177327
0.30395454868129784
0.47984411305513575
0.5182338402345741
0.42100531274073105
0.5244551335152926
0.4997852393556062
0.9485280259148955
0.765916793966632
0.7087849866296175
0.6920580099196889
0.667000798260977
0.7403626894942439
0.8428765800202989
0.688985783429418
0.8105205435269653
0.6169515467293075
0.7468935566532016
0.44791398363387613
0.725298943058368
0.6334684555795865
0.4538914140011876
0.8398968463284491
0.728177275421805
0.47712125471966244
0.7019548578854811
0.6053377010891983
0.4418454943711193
1.0889410833367812
0.5978638767343543
0.724275869600789
0.635743104530535
0.8764377922205033
0.6192280164649763
0.758846095188257
0.563565834049554
0.5327334999519945
0.5096504795465824
0.6071996309803734
0.918770191277106
0.6989700043360189
0.6413132904756359
0.7817553746524689
0.5108698378073221
0.506926236345709
0.4066635770768945
0.2787536009528289
0.13830269816628143
0.43700403151168
0.10473535052001297
0.1929358157034111
0.12082217041346777
0.44996900867604767
1.3222192947339193
1.0863598306747482
0.6766936096248666
1.1139433523068367
1.0836817472743012
0.9542425094393249
0.9429614990296359
1.2174839442139063
1.2671717284030137
0.640978057358332
0.6667853209646176
0.2719276139596741
0.5475012201886695
0.5423879862322539
0.4916475079162589
0.7506301767323806
0.9171460514564048
0.6190933306267428
0.8931057660853426
0.5813753924681113
0.8421335610505178
0.08266957389344619
0.20647388804940212
0.21307482530885122
0.09892530424338199
0.10645533091428677
0.032184683371401235
0.44996900867604767
0.48666657262589286
0.41426197273903076
0.4131799752287745
0.4631105402768477
0.5862657241447304
-0.13175668639476823
0.08894108333678108
0.1802078252505134
0.47339338220041927
0.09275405323689871
0.07716595481229925
0.6232492903979004
0.656417653650555
0.6665179805548809
0.5152113043278018
0.6569086593353074
0.8515801675421772
0.44996900867604767
0.10473535052001297
0.36614817424818635
0.1478016195678042
0.3309932190414244
0.42063989876721425
0.33707509984862055
0.8346326063360918
0.3994611817925704
0.45678267968650077
0.6297314179258209
0.256062850147458
0.12831847725968057
0.3861128017031314
0.2720662997286646
0.1985774072033683
0.4703352653763703
0.7540783919655186
0.1591528371394016
0.7650295730617386
0.6883119361539622
0.7316938491446422
0.6307051727774924
0.7514990556122034
0.5732032513054887
0.560968794888477
0.42743347053055497
0.35355904694016577
0.14893901301206647
0.2665191445358174
0.4203936302707353
0.26249586466545577
0.7563228128879709
1.0374264979406236
0.7373149964122385
0.6133410017376515
0.8776854072178488
0.9420080530223133
0.744727494896694
0.9815165943059869
0.8545395962470983
0.7781512503836436
1.18089014193745
0.9684829485539351
1.1139433523068367
0.8367459656494909
0.532424063186568
0.6213651465233491
0.5727706152259748
0.6251837901751002
0.5710257575879936
0.4490925311194189
0.6455256851090527
0.645358873322134
0.24832364514797822