0.685397197146745
0.7871060930365701
0.8159398112730435
0.7217472191855888
0.8567576525592502
0.4464524349532105
0.4637572931616809
1.0321846833714012
0.6748363246192994
0.5660623380564436
0.23139406752258676
0.06348625752110672
0.09258863922541384
0.19883438619424096
0.36139643998327287
0.6020599913279624
0.22847932851536945
0.5131189079911813
0.7300042380759876
0.6518316080589581
0.9408785478813433
0.6127838567197355
0.5563025007672873
0.7075701760979364
0.24532984546587927
0.5685188430894117
0.820555098936731
0.3899710790007623
0.2903061302722081
0.250863386198251
1.0687158123694598
0.5528419686577808
0.5477023290053697
0.4673614174305062
0.7377225933280355
0.8474777417596114
0.49249611628661666
0.9145698046753736
0.5488144793747373
0.5563025007672873
0.49485002168009407
0.4214211045215605
0.8791778295865322
0.4869920087459567
0.3203351508593678
0.35607756199488666
0.08297423506476391
0.4477658613671254
0.42714727975782385
0.6127838567197355
0.7558748556724915
0.8184458452428166
0.9429614990296359
1.0791812460476249
1.05202900000401
0.5528419686577808
0.5727706152259748
0.4820846742512125
0.6989700043360189
0.5481846105451078
0.5088356678968691
0.785329835010767
0.8553172051959429
0.4663973893278893
0.7201593034059569
0.8718322932615015
0.9542425094393249
0.9257539716278874
1.146128035678238
0.7171948244422179
0.6154239528859439
0.850237679666668
0.14878834710182917
1.1846914308175989
0.7606605182233082
0.4991713954627366
0.693140460675295
0.10334412301346634
0.5629078673658141
0.31078983295313745
0.8580630171786244
0.4634415574284699
0.3696064100281026
0.5787191488243713
1.0431058806023452
0.4123959250830073
0.35654732351381263
0.7745169657285496
1.0314084642516241
0.6158482758135957
0.7403626894942439
0.4471580313422192
0.5356019968889618
0.5470124249970569
0.5134712767585063
0.289448123114166
0.7444278781328937
0.4049261295327036
0.25302226959289537
0.14187715852457963
0.39280036901962656
0.40410031737685603
-0.039508541283673634
0.12802981358544177
0.021189299069938092
0.0
0.1962946451439682
0.19836765376683346
0.21387981994508107
0.3222192947339193
0.652033966289801
0.7116510360951077
0.6578574188211073
0.6425935377650497
0.7189410852666389
0.7187783976895713
0.9622114391106001
0.6797715422948116
0.3698248497084073
0.5362427068383191
0.2794903178078715
0.9079973214866878
0.5694355160385698
0.48467439261010836
0.7720771026714505
0.37787002589670354
0.45974715865023974
-0.0850107897083487
0.31806333496276157
0.8051347400692371
0.685397197146745
0.6671781699121675
0.21085336531489318
0.3873898263387294
0.26152145438030755
0.639201799332529
0.6172999578846993
0.7514990556122034
0.6342446746993636
1.4313637641589874
0.895264649479987
0.5118833609788744
0.4086638740638107
0.6532125137753437
0.5604024116925386
0.37106786227173627
0.3341983589166358
0.5488144793747373
0.6071996309803734
0.6532125137753437
0.2632414347745814
0.3052670486072358
0.4347174061665751
0.5576408515395495
0.6789000215606847
0.5857923786135091
0.5367069447039066
0.9294189257142927
0.5719075740978633
0.6569086593353074
0.5124903414856493
0.43572856956143735
0.7871060930365701
1.194976603216055
1.146128035678238
1.3222192947339193
0.7781512503836436
0.4913616938342727
0.8394209071225663
0.24551266781414982
0.8002013911267178
0.9700367766225568
0.5399120845791179
0.40748532657826797
0.429059809249423
0.45593195564972433
0.3654879848908996
0.46288081560505223
0.4863619114545751
0.40613448728730916
0.4007329088562077
0.35989665488480266
0.6114000175821058
0.6213651465233491
0.43761271343598884
0.23736091579460392
0.5088356678968691
0.5221293154448364
0.4323089103033002
0.5862657241447304
-0.031598986071702355
0.2571245099648995
0.47712125471966244
0.6989700043360189
0.8808135922807914
0.430663853480661
0.43933269383026263
0.3010299956639812
0.5314789170422551
1.1249387366083
0.8939466075520738
1.0086001717619175
0.4114424790756847
0.7249057384304185
0.946754488046775
0.91204482964487
0.9637878273455552
0.7834800838887106
0.47712125471966244
0.41753556473541836
0.7096938697277919
0.6592028774645311
0.7672933227954353
0.19329328916330352
0.6020599913279624
0.7433891441244317
0.7549214096651689
0.9672074866036926
0.3952999125058292
0.8103359337550449
0.795052000921845
0.6989700043360189
0.4676796984868209
0.5740312677277188
0.9294189257142927
0.8336685782334751
0.11525146920516824
0.6594614630523452
0.52680903890877
0.4824500882247294
0.29527766677488987
0.3848069934007552
0.5067919253868827
0.48555442225652523
0.578994687259269
0.9912260756924949
1.0511525224473812
0.9709482029421775
0.6255410871774852
0.41791108960265766
0.5102896179723171
0.4288165751451074
1.2416571429699088
0.3941470196548985
0.8172491112755765
1.041392685158225
0.5862657241447304
0.8016323462331665
0.6462636538200158
0.9030899869919435
0.8692317197309762
0.22577904324478876
0.6131489634935747
0.5128368069861969
0.028028723600243534
0.7690078709437739
0.49090953920529573
0.599585372200107
0.9655824351963067
0.6518316080589581
0.5914236764821774
0.49664339442213745
0.49209841068931526
0.36575532530063637
0.5006023505691853
0.3498785632017982
0.6074550232146685
0.4522976709946303
0.5581545056288807
0.7518223116612945
0.8512583487190752
0.8061799739838872
0.9030899869919435
0.2943994167649681
0.21955695283677154
0.3659708025969958
0.32092482438092046
0.7978059383801136
0.5462021738629614
0.37035648703994906
0.8129133566428556
0.25466125309261506
0.7269987279362623
0.49342376594206194
0.5326385825694938
0.5368894597231522
0.3807510733310233
0.6020599913279624
0.29762374697206967
0.3919080439021245
0.4555369629149899
0.5371191843949479
0.5412387543314113
0.6334684555795865
1.0737183503461227
0.9977082032204152
0.829946695941636
0.6801431470765351
0.6852439798292611
0.7231036840527382
0.44493657134826115
0.7891466346851068
0.6776069527204931
0.9576756852777188
0.3424226808222063
0.4043268073334383
0.7403626894942439
0.6906179299712529
0.6884198220027106
0.7966346560776568
0.8278390345727511
0.3384564936046049
0.6960650136926116
0.4366925976640542
0.6118198286171186
0.36797678529459443
0.8920946026904804
0.04575749056067514
0.4353665066126613
0.8633228601204559
0.5822257463429905
0.546542663478131
0.641707351370019
0.22577904324478876
0.5250448070368452
0.41161970596323016
0.3596247109298285
0.8487323246693509
0.6379725472186069
0.5947607525864629
0.6549960665157609
0.8027737252919757
0.8016323462331665
0.8877422951507891
0.6651117370750514
1.1038037209559568
0.6569086593353074
0.6901960800285137
0.6434526764861874
0.8931057660853426
0.7923916894982539
1.1271047983648077
0.6555043105549285
0.7185655603993996
-0.022276394711152253
0.8106804752105636
0.9637878273455552
1.0039302936284324
1.0280287236002434
0.8692317197309762
0.8553172051959429
0.5463598411298605
0.6951770153188797
0.5180262424859254
0.5401730004667514
0.30642502755068735
0.28678955654937094
0.6187016626471799
0.6676559416676168
0.762123804949493
0.9388948175981703
0.8067964318331736
0.9945371042984978
0.9896591666617812
0.9003671286564703
0.7027301532093256
0.52680903890877
0.7193312869837267
0.7333389059672814
0.7918525280610318
0.8509669736783547
1.021189299069938
0.984205732816768
0.7016758977119437
0.8422687499953926
0.7362590890554666
0.7509990043400289
0.8934027195888119
0.7152072032067044
0.703086570530851
0.8603380065709937
0.7939455175668755
0.7459665670122424
0.6167832481486688
0.8939466075520738
0.7269987279362623
0.9059378298647698
1.0367228070247398
0.9927007612585006
0.758846095188257
1.0142404391146103
1.3979400086720377
0.8653014261025438
1.3904304068932922
0.8750612633917001
1.2155998003393549
1.0360963453482765
0.8692317197309762
0.7269987279362623
0.9882615967287558