0.895264649479987
1.2020269931500809
1.0133639615579815
1.03698356625317
0.8239087409443188
0.7634279935629373
0.6577840768498271
0.5144455777434748
0.5978638767343543
1.0377885608893997
0.8731267636145004
1.0188853441603738
0.8340090678486445
0.5305655739466285
0.3010299956639812
0.5740312677277188
0.2875275252603341
0.32369398029992497
-0.16633142176652502
0.07019994702833507
0.33881855655338095
0.8061799739838872
0.5455786353755141
0.49939764943081466
0.4895305127014824
0.2814344396006005
0.3227492453572175
0.2304489213782739
0.31439395722196267
0.31951340135799433
0.36797678529459443
0.14073300379153184
0.32142315430582447
0.6159957692712549
0.5185139398778874
0.41218044778664786
0.39280036901962656
0.2701534291909114
0.3010299956639812
0.8087172420492474
0.8223549128756971
0.3886993519371249
0.5220884002361856
0.6863808770279982
0.21920865345014798
0.5711834248548926
0.8333065152846988
0.49986438185822213
-0.11763949786680053
0.5663444390614278
0.6556185835412222
0.6354837468149122
0.7459665670122424
0.7285924709428196
0.6095695931067079
0.8139896756123511
0.7663168810349118
0.9370161074648142
0.7309721726881744
0.599585372200107
0.6886291709978
0.785329835010767
0.9727259151333381
0.8688123141146985
0.6907496740893277
0.7827961554294072
0.6267552184739892
0.7541509739798772
0.7087849866296175
0.7920023622808734
0.4269546452539323
0.431798275933005
0.3937840489008799
0.11650556907143717
0.15237698495523957
0.34845464559211936
0.3756636139608854
0.34358234634944496
0.3212333817522682
0.4366925976640542
0.5879735300493574
0.660463007415282
0.31078983295313745
0.3010299956639812
0.9171460514564048
0.43136376415898736
0.4303247816493294
0.38021124171160603
0.3818531887785828
0.4923612212763993
0.4488316152317854
0.6888303729851389
0.7279337002713354
0.4319590959614686
0.38448402582291763
0.4409090820652177
0.46982201597816303
0.2589686506632698
0.4246426412208882
0.21387981994508107
0.2403321553103695
0.829303772831025
0.22010808804005508
0.8931057660853426
0.7191733904243057
0.7075701760979364
0.6784483371914171
0.37787002589670354
0.7027301532093256
0.24073409377673016
0.7121314503939897
0.9164539485499251
0.5985434176051252
0.8578348614171893
0.6377003475970962
0.03862940235613092
0.39153751706290707
0.8282301147269614
0.4484760732701324
0.8791778295865322
0.4990230961674922
0.4343692742987125
0.6225816584725641
0.6450946235531643
0.7738724524043686
0.6297314179258209
0.6989700043360189
0.4913616938342727
0.36254803358319615
0.5481846105451078
0.47712125471966244
0.7429868333203926
0.8016323462331665
0.4366925976640542
0.9066941112607688
0.5959858436157692
0.585669575139793
0.8239087409443188
1.290034611362518
0.14744607760615122
0.08922318434176545
0.6989700043360189
0.5024271199844327
0.8239087409443188
0.5762527277216769
-1
0.17159075782900482
1.3617278360175928
0.3576454138128647
0.5841852675582581
0.4386142577989256
0.44996900867604767
0.43334233014107526
0.8767610482695944
0.4471580313422192
0.3644169745283742
0.1565377226800023
0.524762889154889
0.11323197707504956
0.7604224834232121
0.8670923337204247
1.133006358356333
0.6690067809585756
0.47104710700746927
1.1042919666306559
0.5958110420509608
0.5108698378073221
0.4892701442992574
0.7738724524043686
0.2752227320576957
0.33965939802011214
0.7032913781186614
0.36797678529459443
0.3929954260549752
0.30710414337617437
0.6718177582924041
0.4742734118468362
0.7807286732714543
0.24084278968066464
0.22184874961635637
0.7964400360959534
0.9890046156985368
0.8450980400142568
0.5604024116925386
0.5365584425715302
0.8908555305749319
0.3043579390129087
0.9349373542439382
0.6835951427690645
0.5740312677277188
0.7355988996981799
1.3132644520809929
0.6237190519168263
0.8883667301712372
0.27300127206373764
0.7501225267834001
-0.02802872360024354
0.033000260102925345
-0.17385837762338932
0.3739017678045988
0.20734895278612325
0.43933269383026263
0.29396814117649434
0.4669020895379764
0.49402200525786377
0.6958567689118759
0.405118593299161
0.6774810885022804
0.40626539745616874
0.4384918523635315
0.3010299956639812
0.2713593249967609
0.3498785632017982
0.7071644829512903
0.22493982659349823
0.8137274046448397
0.47712125471966244
0.850033257689769
0.23704768499710702
0.40626539745616874
0.578994687259269
0.2787536009528289
0.3904304068932921
0.7723217067229198
0.420027538634876
0.8477871785250382
0.46132698753643053
0.6661774909397113
0.6275071135404419
0.5025258344937571
1.0
0.6661774909397113
0.7189410852666389
0.8081144737610868
0.8287845922767814
0.9201233262907239
0.8860566476931633
0.9363309201306227
0.8697649235817516
0.8565778576976869
0.7629112838269068
0.4084780001119457
0.900497176413664
0.40952188122185273
0.874126291056627
1.1064553309142868
0.661181443446619
0.6124420271216842
0.502928518325948
0.6856060427780373
0.7132104434506291
0.8846065812979305
0.7459665670122424
0.28432430216112853
0.3638892776446129
0.29373075692248174
0.40936947045281946
0.3521825181113625
0.48380284007617774
0.5563025007672873
0.44636189091412437
0.44195683765641147
0.2014418992554778
0.37291200297010657
0.47712125471966244
0.6872316010647747
0.42276359239706973
0.44412099461673704
0.49008623188403005
0.4057653461839942
0.7512791039833423
1.3180633349627615
0.8329999183909886
0.3357921019231931
0.4960065988800362
0.5563025007672873
0.5597356766056812
0.6178542585111942
0.9427373470340001
1.1285428608771253
0.9963657153449059
0.5399120845791179
0.7285924709428196
0.5484771632553307
0.10473535052001297
0.5539612849523847
0.5573502563584811
0.6989700043360189
0.3860407853723299
0.5297335919260866
0.146128035678238
0.5019448384446945
1.0
0.7481880270062005
1.3222192947339193
0.22314321996935516
0.9237044421898634
0.6020599913279624
0.2021046914205992
0.6989700043360189
0.5081554884596312
0.8692317197309762
0.760777154314221
0.7261996578269294
0.8450980400142568
0.7075701760979364
0.8962505624616381
0.8782664032669114
0.5006023505691853
0.30616963531639224
-0.2932046581520247
0.025554104472388137
0.5552044104682352
0.3010299956639812
0.9890046156985368
0.03066881976645196
0.5918408261462763
0.5351132016973491
0.6137039724916701
0.5534304436555484
0.5937874653619726
0.5289167002776547
0.43761271343598884
0.5706515270763383
0.8645110810583918
0.7164314308867137
1.0919180674505573
0.8375884382355113
0.5581545056288807
0.7518223116612945
0.709965388637482
0.4873404199013485
0.3748162098248998
0.3979400086720376
0.46288081560505223
0.838149180058929
0.414386859722466
0.07463361829690418
0.3212333817522682
0.7300898049134041
0.619788758288394
0.2382391658045257
0.5411035653865366
0.4895305127014824
0.4027388915538063
0.6283889300503115
0.37898959679382493
0.4703352653763703
0.6739419986340878
0.39616375064623455
0.2579953634387794
0.2766706498045365
0.21725299792720726
0.4486327169082249
0.32985632184268726
0.5256716454645077
0.30503273811765513
0.4423591484604505
0.45101845215545733
0.4462446882465926
1.3733718171813005
0.9488474775526188
0.3010299956639812
0.5528419686577808
0.11857999223985197
1.0821867561873502
0.31806333496276157