0.20132708247175465
0.6423545861871354
0.7016758977119437
0.5246477680191842
0.4742734118468362
0.4418454943711193
0.730378468587643
0.7300898049134041
0.7919395348692769
0.8553172051959429
0.6954816764901974
0.6989700043360189
0.8877422951507891
0.7386427090999701
0.8846065812979305
0.7613810401337506
0.4347174061665751
0.6056641155967877
0.578994687259269
0.6517477755170699
0.22184874961635637
0.3590219426416679
0.3467874862246563
0.20647388804940212
-0.04139268515822506
0.49642640991504905
-0.0606978403536117
0.194976603216055
-0.03385826726096737
0.2568263331719277
0.3136191229720017
0.14893901301206647
0.33775280268872104
0.42324587393680785
0.21748394421390624
0.146128035678238
-0.10145764075877708
0.24900099565997116
0.3212333817522682
0.6387827983527022
0.49351167090783177
0.8255759003117817
0.6600519383056491
0.6077371242196529
0.5656791933629529
0.5606673061697374
0.5751878449276611
0.6446123420134261
0.4030195342013126
0.43365556093857216
0.5243737363672887
0.5985434176051252
0.7566761372317193
0.7403626894942439
0.7761905496181156
0.6241101320710365
0.6968463107061633
0.9215733926859567
0.8203921672214817
0.7680509234793178
0.8718322932615015
0.8988938723983355
0.8489584608274949
0.8450980400142568
0.9542425094393249
0.5105450102066121
0.7459665670122424
0.7418225042532867
0.5099137681159699
0.32696572975838095
0.2319490765206821
0.37466866625904954
0.22303697055429234
0.5133334273741071
0.4539974558725247
0.6933297369833261
0.5931662781679798
0.3162699622207181
0.25466125309261506
0.4101744650890493
0.38098058554770226
0.7269987279362623
0.43572856956143735
0.5929166118880926
0.6350602514308877
0.6168837676449869
0.6517477755170699
0.2518119729937996
0.5006023505691853
0.40114514854724903
0.45593195564972433
0.3979400086720376
0.28965044992048244
0.21387981994508107
0.2132909459810909
0.3575113516164294
1.1383026981662814
0.7318189159509503
1.4014005407815442
0.9505146369200818
0.6758462054888811
0.3756636139608854
0.1886078164776772
0.25428659212165494
0.29638509061821766
0.6661774909397113
0.7723217067229198
0.8129133566428556
0.9542425094393249
0.21559980033935483
0.40683372183202016
0.2475107399374929
0.34972191956370563
0.2421110590453352
0.5314789170422551
0.9867717342662448
0.757710090141099
0.6638055872727678
0.9818597744754864
1.0625819842281632
0.7065671860865402
1.0817586689354355
0.9542425094393249
0.7983546364719306
1.0791812460476249
0.8603380065709937
0.8195439355418687
0.61502496849233
0.35454925139046944
0.3146738763305274
0.6869610968630033
0.3010299956639812
0.5457416282398417
0.6283889300503115
0.6720978579357175
0.4743283545354923
0.07310709833543165
0.04139268515822507
-0.1106982974936897
0.2859662492281053
0.20120197963871234
-0.011281010409689058
0.267421394682901
0.19728055812561932
0.12331520394408636
0.19480222277528486
0.08471373464758582
0.08766935627314373
0.27350892201271826
0.40970111955782795
0.08826090389954322
0.2860528396943284
0.226396377367077
0.182622126214639
-1
0.5161453626213691
0.35471485462675756
0.08648048478912429
0.23327821139713817
0.2750165632990632
0.49732464080794936
0.47712125471966244
0.6734158998636307
1.4393326938302626
0.91204482964487
0.840299157132488
0.9107768156582345
1.1097472377132287
1.0555173278498313
1.2101103463451122
1.2041199826559248
0.12296017062621208
0.13515790178998605
0.1512676753306491
0.15607414553379403
0.16975108102466221
0.419894584560088
0.2334693621404984
0.47712125471966244
0.40748532657826797
0.4343692742987125
0.22184874961635637
0.15970084286751188
0.14390657568427995
1.153814864344529
0.49732464080794936
0.23408320603336794
0.3010299956639812
0.2532572138679805
0.31951340135799433
0.3789167713586072
0.3084540137431881
0.18607547996228216
0.2315270215973748
0.07342891715853349
0.15087447070269971
-0.026652194771440235
0.10473535052001297
0.10859577133325113
0.9751764162749679