0.2632414347745814
0.17609125905568124
0.18767313160549642
0.3010299956639812
0.3521825181113625
0.12104369272477576
0.11579535716843022
-0.18339049779718067
0.2382391658045257
0.2683061508553578
0.22184874961635637
0.2582780152430313
0.377989781717648
0.32673539589888306
0.27437780089254094
0.48666657262589286
0.3603439968799631
0.5528419686577808
0.44608702097969366
0.7501225267834001
0.6457244923827937
0.339187697656696
0.5765058868555742
0.3840042307287451
0.8176597916673172
0.5854607295085006
0.7346855566025534
0.829303772831025
0.785329835010767
0.7403626894942439
0.48666657262589286
0.5829249808877013
0.4288165751451074
0.31078983295313745
0.3440646278891831
0.5118833609788744
0.5336026106721106
0.6989700043360189
0.6060627337816363
0.6074550232146685
0.5581545056288807
0.9030899869919435
0.8498444750387185
0.7974564055790303
1.1139433523068367
1.1522883443830565
0.853871964321762
0.7337321105952308
1.0993846321359118
0.3240139025846708
0.15607414553379403
0.13738355606255767
0.5698753079565612
0.8750612633917001
0.289448123114166
0.6020599913279624
0.45781609952427577
0.47712125471966244
0.2382391658045257
0.3148182801496145
0.41218044778664786
0.4504690599482223
0.37291200297010657
0.3571459376429126
0.3399480616943509
0.5542872095319618
0.43933269383026263
0.4631105402768477
0.5688916280753078
0.48365212187862017
0.45118552062526274
0.29104577475738025
0.5818566052396754
0.5109795219806299
0.49732464080794936
0.6713864827039303
0.7166987712964503
0.6146491186359828
0.7323937598229685
0.5889383140060573
0.7642367358486103
0.7246319946571553
0.7481880270062005
0.5667320289862194
0.7861201800549189
0.7027301532093256
0.3010299956639812
0.8325089127062363
1.1422329917947138
0.7201593034059569
0.7367585652254185
0.5314789170422551
0.8988938723983355
0.7640035993223515
0.5755524408482516
0.4884022651293515
0.6395971516419464
0.6283889300503115
0.4269546452539323
0.29787147641915146
0.3739017678045988
0.41244469755561775
0.41560321680044743
0.42337592169400157
0.5480102301043377
0.800717078282385
0.6681195600536822
0.5360401913383084
0.5001356181417779
0.6290434810135559
0.3222192947339193
0.15836249209524964
0.3168242628472131
0.5329790721846633
0.2640464294108112
0.5783960731301689
0.45118552062526274
0.7832908900360547
0.8731267636145004
0.7668702399739545
0.8356905714924255
0.6895625358141876
0.6842467475153124
1.1923284579263669
0.9979269913771347
1.0260855683142414
0.8893017025063104
0.8785217955012066
0.8624721360836796
0.9370161074648142
0.7100354304861788
0.9102685716190669
1.1115505391909464
0.9007232537128366
0.8189453214127687
0.9592925021759664
0.9700367766225568
0.9617956473297707
0.7231036840527382
0.6157612690053506
0.9542425094393249
0.6585413472804106
0.9057958803678685
0.8426092396105621
0.682370742516557
0.6780360975003759
1.0
0.7604224834232121
0.6020599913279624
0.5902684665984044
0.5131189079911813
0.41841559438183523
0.4724261335112826
0.6356273389742308
0.4539974558725247
0.4841261562883209
0.37675070960209955
0.6312182200691758
0.47712125471966244
0.7665693778338285
0.9257539716278874
0.8016323462331665
0.3549053764468358
0.23501019567432718
0.5785788954784394
0.48572142648158
0.4298291530855193
0.8113196136362982
0.3168242628472131
0.9719712763997564
0.38270004211530073
0.16272729749769974
0.6989700043360189
0.6709412807357753
0.8061799739838872
0.9488474775526188
0.6642078980768068
0.6532125137753437
0.505149978319906
0.5300573299074609
1.0718820073061255
0.6906179299712529
0.5102896179723171
0.05799194697768673
0.34358234634944496
0.5440680443502757
0.8129133566428556
0.5333441789585025
0.15087447070269971
0.49101986423622135
0.3702270208050051
0.2878685496060103
0.4488316152317854
0.42177261767867297
0.26586557860073023
0.29733385010401747
0.09240951178137999
0.39280036901962656
0.40698813764943476
0.43643416595044615
0.31439395722196267
0.41753556473541836
0.5642714304385625
0.32369398029992497
0.6406233864673231
0.8697649235817516
0.626419337187407
0.5390082455808733
0.42494324305459086
0.4301246920434389
0.6434526764861874
0.42494324305459086
0.4514158544847606
0.8653014261025438
0.569336146519339
0.6884198220027106
0.6100289209992378
0.43253912206692197
0.2866321749633387
0.16015205795423346
0.36797678529459443
0.3471617167363117
0.09691001300805642
0.17041412616399074
0.24205213570464335
0.3620839610739592
0.5982998424546556
0.11609332938039586
0.18315311354316807
0.013228265733755101
0.33151931781188154
0.13966199342900631
0.577635391996544
0.24580720460529895
0.42756247527883845
0.18563657696191166
0.1067647676797134
0.03516441706325095
0.29104577475738025
0.2772921487091953
0.21924817608583094
0.01797337101190088
0.49485002168009407
0.3280134853495747
0.5642714304385625
0.7056005832350318
0.8573324964312685
0.7623569832004117
0.5528419686577808
1.0036041242688252
0.7323937598229685
0.7664128471123994
0.6857417386022636
0.6517477755170699
0.5362427068383191
0.08482151340031747
0.27344647403189265
0.459288477584646
0.12854286087712524
0.27689631594726183
0.6901960800285137
0.3280134853495747
0.45331834004703764
0.6020599913279624
0.599115610681181
0.34903772173506703
0.33734315529293124
0.6938303646836077
0.598854851452751
0.5019448384446945
0.3777366225837506
0.23608918873096665
0.24987747321659987
0.5542872095319618
0.6462636538200158
0.5228787452803376
0.5399120845791179
0.3089989253352566
0.31175386105575426
0.2082759424270825
0.22724378150306254
0.05115252244738129
0.2703611758975292
0.47712125471966244
0.2532572138679805
0.38233493534146157
0.19188552623891314
0.5929166118880926
0.7939455175668755
0.6320232147054056
0.7905605083654637
0.5341597556900266
0.670414543882966
0.7061485889631421
0.9294189257142927
0.7972142564331398
0.5772364076029303
0.9317351684414736
0.7640035993223515
0.49485002168009407
0.6892101670468626
0.5985434176051252
0.6690067809585756
0.6454222693490919
0.320146286111054
0.40792422957863855
0.5306405104461507
0.28836745199505504
0.4272748820745647
0.6863808770279982
0.4997852393556062
0.29419057113367575
0.12493873660829992
-0.026872146400301365
0.2703611758975292
0.3662967271765727
0.379113151412554
-0.02306530406869343
0.4826537433196234
0.5548809136324931
0.8394209071225663
0.794541666571813
0.6222633774162494
0.37196116628618325
0.6657290711973397
0.7403626894942439
0.12240640009290484
0.5404030902638703
0.5341597556900266
0.5440680443502757
0.8346326063360918
0.19748940375691165
0.6863808770279982
0.5099137681159699
0.7781512503836436
0.6255410871774852
0.7725473728656451
0.45540200502642614
0.7958800173440752
0.917913763308968
0.7561569566774757
0.8978887933061359
0.5831157956894982
0.8549130223078556
1.1383026981662814
0.47712125471966244
0.8798601462734688
0.7308591487495004
0.41585159798073973
0.4616090885414149
0.6121213173358583
0.7201593034059569
0.48047489672725024
0.584569259167627
0.5143209416450721
0.6283889300503115
0.2792502213407392
0.32005323297741156
0.7194455900458164
0.4593924877592308
0.5179153257487874
0.23576326415138962
0.15536869241315068
0.2282692707207528
0.21544625800722583
0.07760485781266976
0.1487416512809247
0.17609125905568124
0.7067953418479753
0.6190933306267428
0.8087172420492474
0.6135398090113924
0.6059204121412005
0.43305362808836206
0.2418198305469764
0.45764290132381347
0.3979400086720376
0.45331834004703764
0.673069434363083
0.5627502573180299
0.48878086726465575
0.712275471115556
0.7136105305189089
0.4827615220723551
0.4023716234711125
0.7706632289910937
0.6821020790487233
1.015712625208764
0.12019230158383831
0.28879553924696955
0.43098953364733195
0.5906804455844636
0.21022258164277868
0.6941175015416068
0.44369749923271273
0.22953557828264734
0.7260282370700548
0.5915945576497974
0.6359861118008331
0.8346326063360918
0.6569086593353074
0.43456890403419873
0.04516215875819385
0.02373784695478584
-0.1085483204201306
0.42100531274073105
0.6131489634935747
0.3756636139608854
0.41585159798073973
0.24303804868629442
0.5042735007632773
0.3383543186877935
0.5785788954784394
0.7815844262220376
0.6895625358141876
0.7138191253749379
0.7555434596381714
0.7027301532093256
0.5044874389360288
0.414973347970818
0.4712917110589386
0.16136800223497488
0.03621217265444471
0.4471580313422192
0.3082085802911046
0.6184504075161318
0.6494846412561005
-0.1434221423023131
0.414973347970818
0.1995723549052041
0.28254658996996806
-0.012589127308020516
0.12934785551335498
0.27106677228653797
0.43365556093857216
0.422073688388757
0.47226875192525036
0.5228787452803376
0.4842998393467858
0.2388820889151367
0.3590219426416679
0.41912930774197565
0.2830566246520803
0.3731164249470055
0.23408320603336794
0.24073409377673016
0.4230243516254999
0.1738583776233893
0.24940923114223496
0.5338488791685896
0.19694139802880137
0.21805576059921727
0.4507923159973133
0.45529281722398973
0.6020599913279624
0.7874912766377871
0.7049193368492199
0.7201593034059569
0.43572856956143735
0.640518243147138
0.010382035793721784
0.37527602403609384
0.4066635770768945
0.5879735300493574
0.6924878768080984
0.35299962932494167
0.43933269383026263
0.5374171566069135
0.6507930396519307
0.4893557111366741
0.49816385745923997
0.4957035322369605
0.555788846677956
0.5901607680282547
0.23976033892505855
0.23838318652609203
0.3742619091984048
0.47712125471966244
0.8346326063360918
0.5912829003117703
0.38789807037789703
0.36086869729645515
0.34449568944507153
0.2961774928695691
0.2720662997286646
0.45989485274515174
0.38084571148391533
0.5808706922580242
0.687070781036311
0.5366440262710688
0.2950396319747937
0.36991128507179405
0.20182009476434445
0.2790754197759308
0.45312097831589593
0.3514394991415815
0.344186912694131
0.37238590419964945
0.5687349279177705
0.5088356678968691