0.94377707576116
0.758846095188257
0.9294189257142927
0.8970158392797505
0.66793577059605
0.4663973893278893
0.8239087409443188
0.22847932851536945
0.5797835966168101
0.6020599913279624
0.7700333601614642
0.5383909114585851
0.8081144737610868
1.2471546148811266
0.3590219426416679
0.4086638740638107
0.5642714304385625
0.47712125471966244
0.6232492903979004
0.5034501934420116
0.5174158495788354
0.4725736269689418
0.6661774909397113
0.7745169657285496
0.7210575342988572
0.6551384348113821
0.7294593264839191
0.7022979476849462
0.9688420180096133
0.7781512503836436
0.6739419986340878
1.2471546148811266
0.6532125137753437
0.6989700043360189
0.7781512503836436
0.8819006879220055
0.26152145438030755
0.5381752201296404
0.585026652029182
0.5477023290053697
0.4483495121496379
0.2582780152430313
0.584569259167627
0.47104710700746927
0.33959339080334194
0.51881988880347
0.594418249034087
0.5606673061697374
0.8154755734074559
0.587336734507256
0.6020599913279624
0.7222934329186427
0.4916475079162589
0.8677620246502007
0.6427470800971787
0.7683914130944873
0.23736091579460392
0.8129133566428556
0.9398127940166834
0.32985632184268726
0.5563025007672873
0.6738269689732634
0.5762527277216769
0.38898516601911115
0.7575647196018661
0.6020599913279624
0.5574778586752219
0.4114424790756847
0.44783187861767493
0.43874302030871004
0.2878685496060103
0.5567574976469385
0.27836601102803743
0.4458635609892204
0.32005323297741156
0.6667853209646176
0.46626332713145413
0.2945958856585713
0.36294434796680797
0.36575532530063637
0.33881855655338095
0.18767313160549642
-0.11809931207799451
0.041754748107001215
0.10816852635840696
0.14737960565654512
0.43933269383026263
0.35522593968945176
0.2872417111783479
0.6273658565927327
0.6532125137753437
0.4214211045215605
0.590051083854947
0.5163149757779493
0.4732948468666096
0.3856741374131082
0.6079421735539169
0.5649516098758005
0.346505385219672
0.3461083703991693
0.1955198108940072
0.2775488998144583
0.43365556093857216
0.1896640662449551
0.5750285000416676
0.6906179299712529
0.4648867983026508
0.5929166118880926
0.36575532530063637
0.4803263945948738
0.5062794834608759
0.6872316010647747
0.6115358832118399
0.4862646341595322
0.41278912971095666
0.3521825181113625
0.3709211659413757
0.25254537223688156
0.02366391819779347
0.6646419755561255
0.6210278304039425
0.5450517242315289
0.2210584045722044
0.5143693121392918
0.39486352958339993
0.37333851366670245
0.6290434810135559
0.15970084286751188
0.4639598086616916
0.6792259461402617
0.5550080304142885
0.6492822201469113
0.5345645036055322
0.48589517902716756
0.5244551335152926
0.7382797383459514
1.021189299069938
0.8195439355418687
0.4717262228329563
0.651278013998144
0.4471580313422192
0.5105450102066121
0.4033350405587438
0.47712125471966244
0.765186273219276
0.31828900110548686
0.3440646278891831
0.27437780089254094
0.3424226808222063
0.36642295722597273
0.1565377226800023
0.023912157405411364
0.2331297600260454
0.524762889154889
0.3162699622207181
0.18563657696191166
0.12739933515595672
0.3415635421010685
0.4351121117121509
0.6406233864673231
0.6503646709025175
0.49485002168009407
0.6154239528859439
0.7144821705142663
0.5904781187781472
0.8282301147269614
0.8118998334713033
0.9251401277350177
0.738384123512156
0.7978059383801136
0.8797061684374636
0.9714445395469471
0.7801031389811657
0.44636189091412437
0.8591845012928618
0.8450980400142568
0.45364015887013953
0.7549214096651689
0.3610279253392666
0.6720978579357175
0.6642078980768068
0.6901960800285137
0.5118833609788744
0.5155795065388381
0.42387574276643736
0.49884050441289873
0.4259687322722811
0.17609125905568124
0.5936268237910995
0.3916910593950361
0.49618426076915867
0.5421839004757242
0.4522976709946303
0.4179998026010058
0.40637317620890034
0.3461083703991693
0.3919080439021245
0.4009248622214998
0.8450980400142568
0.6657290711973397
0.037788560889399754
0.49351167090783177
0.4580283128106401
0.33243845991560533
0.6320232147054056
0.6283889300503115
0.6100289209992378
0.6154239528859439
0.5765058868555742
0.49449535078908513
0.35024801833416286
0.3245110915135041
0.45425837176015826
0.5797835966168101
0.47712125471966244
0.5740312677277188
0.3347131088665537
0.31175386105575426
0.47712125471966244
0.5440680443502757
0.6938303646836077
0.4658402443099734
0.9610819339696304
0.6419315033656546
0.863780252982011
0.6812412373755872
1.041392685158225
0.7346855566025534
0.8450980400142568
0.882614401282146
0.6835951427690645
0.7403626894942439
0.3744589128225147
0.7665693778338285
0.9234831456337869
0.811151510486569
1.027058232734036
0.7546701545341208
0.5945068534375165
0.30946316320084394
0.48784512011143555
0.6080503550171498
0.22704994330216416
0.26681589513287957
0.4301246920434389
0.565948245193078
0.21559980033935483
0.3010299956639812
0.47712125471966244
0.36317790241282566
0.5985434176051252
0.6690067809585756
0.45101845215545733
0.4080403355763634
0.3287014222618396
0.4607308385314931
0.35330327868665834
0.58766217062732
0.35654732351381263
0.0984864012430115
0.35501180813022676
0.3399480616943509
0.23486925960886737
0.1962946451439682
0.4091241756245513
0.2609127724559987
0.43572856956143735
0.43365556093857216
0.4288165751451074
0.6020599913279624
0.6511093886875794
0.5023570781357358
0.3705017603250981
0.0105930734974242
0.07302093734280636
0.2942966130050128
0.29385141103685775
0.420027538634876
0.38898516601911115
0.758212920441456
0.5931662781679798
0.014240439114610285
0.03328138719132846
-0.00454762775072063
-0.08368174727430128
0.0800420877207609
0.35654732351381263
0.3477733992063074
0.3146738763305274
0.26814876926932557
0.4814860601221125
0.46825779438835735
0.37066592380537566
0.5181581066077532
0.49291552190289434
0.5898255349109507
0.41712332504437705
0.42063989876721425
0.47712125471966244
0.5336026106721106
0.764140535940829
0.6154239528859439
0.5984257066728683
0.9941704563392761
0.9433845818511166
0.8653014261025438
0.9507819773298184
0.6635780292471773
0.5740312677277188
0.7472746839105738
0.5211380837040362
0.4442400283250068
0.6989700043360189
0.292256071356476
0.26152145438030755
0.2082759424270825
0.6627578316815741
0.504104744405256
0.37628094808317364
0.5259698222574795
0.629498239674902
0.6020599913279624
0.6118198286171186
0.5172384779276449
0.7741112725819036
0.3916910593950361
0.8098656635608502
0.37238590419964945
0.6293340761946244
0.795052000921845
0.8421335610505178
0.6720978579357175
0.38021124171160603
0.6532125137753437
0.6283889300503115
0.4057653461839942
0.42100531274073105
0.06963592814139447
0.09691001300805642
0.047424649928138135
0.1576078533616681
0.17609125905568124
0.8129133566428556
0.30797885561930904
0.414973347970818
1.089400411229311
0.6347291080813305
0.49831055378960054
0.2604121447557171
0.31175386105575426
0.19480222277528486
0.4288165751451074
0.4067139329795427
0.1452146925826114
0.47712125471966244
0.10198953853733138
0.25373789402983804
0.31439395722196267
0.3853508813640171
0.5606673061697374
0.4637572931616809
0.6728672017718137
0.6690067809585756
0.6085908584869202
0.8113196136362982
0.7187783976895713
0.6398485522173621
0.5902684665984044
0.61502496849233
0.6867355479190071
0.5885575209243152
0.4504690599482223
0.3733718171813005
-0.1864940194554485
0.23149039545508845
0.3114954293421462
0.19081451587638756
0.40500186315952447
0.49220992551388565
0.2533572010865419
0.7493795078136191
0.3437819760849311
0.3408245392509796
0.1846914308175988
0.3212333817522682
0.32621354168223005
0.5502283530550941
0.6469814961022963
0.4522976709946303
0.2593724160285574
0.4738186191695768
0.7623569832004117
0.6087933739869308
0.3885325401502064
0.24135799056827276
0.5821216613857749
0.35119660512971135
0.51881988880347
0.5624311968296472
0.35775762011290835
0.2901448523789503
0.3748162098248998
0.5809642801221735
0.7312956695239164
0.34828247731160755
0.7103994661168007
0.5171767664558674
0.4860760973725889
0.4881166390211257
0.5302797598646424
0.5262066886292651
0.43831917065871046
0.7540175706669242
0.4387055536752137
0.6368220975871743
0.6020599913279624
0.788022004409938
0.7123855723918215
0.7426789322214247
0.6572152562290177
0.719029798264987
0.13752786391632046
0.5093059380910637
0.5440680443502757
0.3759947573104426
0.5351132016973491
0.3372421683184259
0.28630673884327484
0.368930231301917
0.408856423161136
0.4008256969095258
0.5734148098784324
0.44996900867604767
0.5451551399914898
0.6713864827039303
0.5535096005831172
0.5440680443502757
0.37413709399941286
0.5300573299074609
0.743937149852542
1.0569048513364727
0.8519374645445623
0.7481880270062005
0.5081554884596312
0.6297314179258209
0.6092385759550858
0.40170015754534444
0.2596373105057561
0.5600954897844264
0.7367585652254185
0.0871501757189002
-0.0908074140212025
0.0
-0.1391791757229102
-0.11447330293013497
-0.01277428803642889
0.02848853781143753
0.6163004304425727
0.7844001996606451
0.6569086593353074
0.5517548730165667
0.4486327169082249
0.4803263945948738
0.4607308385314931
0.46900336449748303
0.4259687322722811
0.6549960665157609
0.6085908584869202
0.6515453544078806
0.695616362328431
0.4887031272694776
0.619788758288394
0.4347174061665751
0.2925968281271184
0.348721986001856
0.42934847292366174
0.4671370338130615
0.33948824748315687
0.6690067809585756
0.6651117370750514
0.6443490534440386
0.4890204780193702
0.6532125137753437
0.1713961378473014
0.6063813651106049
0.7168815936447209
0.7307266004555055
0.6609266505487839
0.7640035993223515
0.5706515270763383
0.6709412807357753
0.1387669360318689
0.5275738664887174
0.5650764250747924
0.4433428283417038
0.8350561017201162
0.46816641206673604
0.8266146343202436
0.5085297189712865
0.6799467670225884