0.5783960731301689
0.8872957198087117
0.5160393207500321
0.6419315033656546
0.7027301532093256
0.5006023505691853
0.8067964318331736
0.8653014261025438
0.5314789170422551
0.5772364076029303
0.4581534156436824
0.6627578316815741
0.7370600539441582
0.5440680443502757
0.5545334780284406
0.644069134335474
0.4134521748502852
0.5367069447039066
0.32142315430582447
0.12199435596151867
0.319915339824355
0.1738583776233893
0.14289305251272774
0.3918374096851837
0.3112491608456672
0.21467016498923297
0.3521825181113625
0.13540417028646495
0.2571245099648995
0.3010299956639812
0.07169322465507488
0.3756636139608854
0.3853508813640171
0.40410031737685603
0.3448089202425684
0.2830566246520803
0.4826537433196234
0.8970158392797505
0.4082399653118496
0.6690067809585756
0.21748394421390624
0.3010299956639812
0.3212333817522682
0.3979400086720376
0.3112491608456672
0.39211046501131375
0.22184874961635637
0.31875876262441283
0.42813479402878885
0.7323937598229685
0.3424226808222063
0.405118593299161
0.5772364076029303
0.4471580313422192
0.730378468587643
0.7323937598229685
0.8750612633917001
0.3222192947339193
0.7481880270062005
0.7939455175668755
0.6792259461402617
0.5141048209728324
0.8653014261025438
0.8310873255714422
0.5576408515395495
0.7201593034059569
0.5617968113107072
0.5542872095319618
0.21484384804769785
0.8365542664709631
0.2978248557887698
0.565188631374836
0.5684513903468822
0.6221299741032965
0.2798406965940431
0.35330327868665834
0.6557448502907387
0.4522976709946303
0.5898255349109507
0.3853508813640171
0.2005650284388818
0.3944516808262163
0.6020599913279624
0.47104710700746927
0.4259687322722811
0.5978638767343543
0.6330942250679312
0.5509074688805811
0.8055894987305832
0.5494297727223838
0.5981649474444382
0.785329835010767
0.22724378150306254
0.48311161840884986
0.5492076840026867
0.5797835966168101
0.2466723333413885
0.5088356678968691
0.28630673884327484
0.38886035082011916
0.7367585652254185
0.33369911241734934
0.24303804868629442
0.3411472188719636
0.5642714304385625
0.27931074597074484
0.6780360975003759
0.5026753591920505
0.6052416501141517
0.7444278781328937
0.4418454943711193
0.5808706922580242
0.6575773191777938
0.42177261767867297
0.49402200525786377
0.91204482964487
0.5574778586752219
0.6283889300503115
0.7729500566978359
0.9420080530223133
0.8450980400142568
0.9661417327390326
0.7871060930365701
0.6485173925669638
0.7123339658940003
0.850237679666668
0.8534769715870275
0.7377225933280355
0.3309932190414244
0.5006023505691853
0.42426894739438675
0.5762527277216769
0.43365556093857216
0.5383909114585851
0.4133272519436556
0.3750100480257983
0.19188552623891314
0.3829341000470793
0.15597297034826868
0.1778748117960985
0.25906549412044516
0.146128035678238
0.3590219426416679
0.36797678529459443
0.07918124604762482
0.13566260200007305
0.46415627755529476
0.44493657134826115
0.6087933739869308
0.7067953418479753
0.5765058868555742
0.5496719218682742
0.5058454059815573
0.5652573434202137
0.48081740027962616
0.5440680443502757
0.5932860670204572
0.6532125137753437
0.7874912766377871
0.8346326063360918
0.6146491186359828
0.7459665670122424
0.6916707655945193
0.46665582104149744
0.8692317197309762
0.5336026106721106
0.21699624682194427
0.11394335230683678
0.36431183120818905
0.6020599913279624
0.42714727975782385
0.46462270922068927
0.7781512503836436
0.8176597916673172
0.6950038171184174
0.7867514221455612
0.6532125137753437
0.5652573434202137
0.4679778752797927
0.9834007381805383
0.7486577885251263
0.6850342263927263
0.6307051727774924
0.7468935566532016
1.007686828666291
0.6519734416597952
0.5453323668790353
0.47712125471966244
1.1856365769619117
0.4881166390211257
0.5920757704213615
0.3010299956639812
0.40205657486686974
0.3756636139608854
0.6989700043360189
0.7481880270062005
0.6419315033656546
0.9357591037453117
1.135662602000073
0.9344984512435677
-0.20035983378261796
0.0
0.39591532210562314
0.11335686405848482
-0.23552844690754887
-0.013161446057970849
0.3141252937541289
0.3692948272225076
0.15490195998574316
0.2735917473170416
0.5031346870845804
0.5287082889410615
0.035576154261196126
0.316007151633634
0.4111014547300085
-0.04630001965296921
-0.04275198042094989
0.04997397496183862
0.3112491608456672
0.24629120608401628
0.9030899869919435
0.5407903345890397
0.5336026106721106
0.5131189079911813
0.41753556473541836
0.3280134853495747
0.37066592380537566
0.1476027212442437
0.6600519383056491
0.3853508813640171
0.4522976709946303
0.6020599913279624
0.6491725359736036
0.6518316080589581
0.5703033952084757
0.6243363860391146
0.9431346281855676
0.6330942250679312
0.8662873390841949
1.0857121132065826
0.5835765856339492
0.9678153166285988
0.6799467670225884
0.5965039093838748
0.6097468199942534
0.5576408515395495
0.3885325401502064
0.24622437612590897
0.6522266007936925
0.745270023988988
0.6889280660418783
0.8191881022717344
0.9481683617271317
0.7011360660925265
0.3774183415274359
0.6334684555795865
0.49642640991504905
0.41236235123722476
0.5084136129735617
0.48523914494184195
0.40936947045281946
0.3126739768276889
0.49732464080794936
0.3521825181113625
0.4902542699909449
0.4353087585264246
0.5516504878503621
0.4259687322722811
0.5472113233206174
0.6375323094901812
0.4845452727988694
0.739294313846218
0.6816823694418574
0.7503981818113173
0.585580716933467
0.49291552190289434
0.5740312677277188
0.5479284651635138
0.5663444390614278
0.9420080530223133
0.17978740461564496
0.5309463670283706
0.6429328745307731
0.36921585741014284
0.22184874961635637
0.5039934011199638
0.46297360365837026
0.30384097299780966
0.49090953920529573
0.5239367104366712
0.6503646709025175
0.7226339225338123
0.8333740414423259
0.4527619088602178
0.4895305127014824
0.7403626894942439
0.4156687756324692
0.6603031934366973
0.7265049308598656
0.5740312677277188
0.8920946026904804
0.5766554115538677
0.4259687322722811
0.49402200525786377
0.5220884002361856
0.5141048209728324
0.6471383660631504
0.6360952447281326
0.8589744434982453
0.9614210940664483
0.7807286732714543
0.6856060427780373
0.6393843143517747
0.6377003475970962
0.6255410871774852
0.3881801713828814
0.6202122536724184
0.3914091415130798
0.58766217062732
0.632489947132813
0.7509990043400289
0.6620579210032478
0.7381637253943056
0.9485280259148955
0.6627578316815741
0.7569619513137056
0.7455952164279208
0.5161453626213691
0.6888303729851389
1.1404509027865475
0.9809767626865695
0.8927900303521317
0.7061485889631421
0.6232492903979004
1.1271047983648077
0.9164539485499251
0.6190933306267428
0.9966463579924122
0.9738971974357948
0.48555442225652523
0.9852767431792936
0.8391487075010556
1.0241336797167193
1.1194758409067977
0.9079973214866878
0.49732464080794936
0.725298943058368
0.8061799739838872
0.8493558631567982
0.43415218132648237
0.33041377334919086
0.3099848383169076
0.250863386198251
0.44195683765641147
0.16633142176652496
0.8857851287834732
0.37718478708141817
0.6368220975871743
0.599115610681181
0.6136418638777775
0.40637317620890034
0.6347291080813305
0.5338488791685896
0.47712125471966244
0.3843672014827637
0.4826537433196234
0.6450946235531643
0.7533276666586115
0.8095597146352678
0.5862657241447304
0.5228787452803376
0.7024305364455253
0.32790214206428253
0.42324587393680785
0.5404030902638703
0.5095463446745085
0.6876152534588967
0.532424063186568
0.2309921290562261
0.41712332504437705
0.5878195522133521
0.37819595047628046
0.5006023505691853
0.5898255349109507
0.37712016473446414
0.27547589119159305
0.5062794834608759
0.6607656516657895
0.3646990755333585
0.4304692334989576
0.09205751021364435
0.32353733666183243
0.4810162986031866
0.4237472722783231
0.4507923159973133
0.32790214206428253
-0.021994293706167876
-0.16956039189672348
-0.11776015198117656
0.12790321557203896
-0.07219512518695877
0.0770151842911171
0.02020338608828699
0.05515526490105525
0.06386448796351904
0.13312218566250114
0.42481215507233894
0.28222643184127555
0.45678267968650077
0.4370921326341859
0.31784349467363127
0.5228787452803376
0.4803263945948738
0.7107882705133179
0.6375806907615401
0.5711834248548926
0.45445727008371867
0.7851001103389714
0.5451183338147736
0.4844204934611619
0.647564911668141
0.7810369386211318
0.6569086593353074
0.588613267600716
0.6594614630523452
0.8319763626923518
0.8066038827358484
0.6193189967694681
0.6232492903979004
0.5671333484189691
0.5484771632553307
0.3083292344054806
0.5471591213274175
0.3407393667694547
0.2176927898451986
0.31967210572003935
0.34792886528346545
0.3383543186877935
0.5101215148225878
0.5528419686577808
0.7147642715192507
0.5407903345890397
0.6812412373755872
0.744727494896694
0.5730962953926457
0.4858074339047551
0.6690067809585756
0.29733385010401747
0.9237044421898634
0.52680903890877
0.5081554884596312
0.7337321105952308
0.9030899869919435
0.6020599913279624
0.8709053036205423
1.281601443825655
1.6127838567197355
0.5751878449276611
0.5195251032727497
0.7563228128879709
0.7085153222422491
0.11650556907143717
0.23220720103461262
0.3774183415274359
-0.2932046581520247
0.42813479402878885
0.2103053595867829
0.3048229846811203
0.28678955654937094
0.36678202668165094
0.17609125905568124
0.3668472801536245
0.3227492453572175
0.20189852266196673
0.43820318868929276
0.36532864000490617
0.5149098156090622
0.09795524692270646
0.19539641425106785
0.5351132016973491
0.5289167002776547
0.5328453402415271
0.42934847292366174
0.5706515270763383
0.46132698753643053
0.49560466041367557
0.8645110810583918
0.7319702644389441
0.7181533207083582
0.6099326144278477
0.719600005863231
0.7708520116421442
0.6066557430171116
0.8087172420492474
0.7144821705142663
0.3881801713828814
0.5228787452803376
0.3481425403096224
0.3212333817522682
0.42132382722651757