0.850237679666668
1.1042919666306559
0.9164539485499251
0.8016323462331665
0.9030899869919435
0.8308576008996467
0.5912829003117703
0.6609266505487839
0.4586378490256493
0.5109795219806299
0.5440680443502757
0.11513483311425549
0.5812098523548422
0.4863619114545751
0.4954100404319721
0.3667087713079589
0.7974564055790303
0.43690871833629397
0.36086869729645515
0.5129596799483699
0.7153604205241881
0.33852180595631876
1.070037866607755
0.37358066281259295
0.724275869600789
1.3617278360175928
0.7468935566532016
0.6255410871774852
0.8372727025023002
0.8388490907372553
0.6377003475970962
0.2720662997286646
0.6532125137753437
0.6395971516419464
0.3847117429382824
0.4057653461839942
0.4159845113656802
0.08517160973681223
0.15970084286751188
0.20120197963871234
0.29527766677488987
0.11115045212266668
0.3062942356563384
0.3881801713828814
0.4361196497156476
0.6726410656136697
0.6020599913279624
0.24734513670120484
0.49732464080794936
0.3357921019231931
0.6614536430681297
0.585669575139793
0.23257261500812942
0.4637572931616809
0.7459665670122424
0.520755051650482
0.6892101670468626
0.4032256051337214
0.034214100531101674
0.46333297023402914
0.2518119729937996
0.2599931437758904
0.5371191843949479
0.6114000175821058
0.5440680443502757
0.4738186191695768
0.8509669736783547
0.8573324964312685
0.3424226808222063
0.4703352653763703
0.3590219426416679
0.1945746647496944
0.3082085802911046
0.27064736667026035
0.3101733751038509
0.1896640662449551
0.23783685500048668
-0.13211732123542333
0.3062942356563384
0.17354407004180133
0.16320323670358253
-0.04657614204135512
0.3750100480257983
-0.06550154875643228
0.10145764075877703
0.24698023444035647
0.2908108304822951
0.14893901301206647
0.431798275933005
0.2640464294108112
0.42100531274073105
0.6680362900923681
0.8067964318331736
0.730378468587643
0.8069775765623497
0.32389287862348537
0.9075904882186201
0.41560321680044743
0.4620922643545428
0.7512791039833423
0.5910646070264992
0.5910646070264992
0.6190933306267428
0.7501225267834001
0.709372764735786
0.3646990755333585
0.6148972160331346
0.5326385825694938
1.1962946451439682
0.37035648703994906
0.2703611758975292
0.29570116215891423
0.8170693164140133
0.38270004211530073
0.16272729749769974
0.6989700043360189
0.6709412807357753
0.8061799739838872
0.6532125137753437
1.0718820073061255
0.9507819773298184
0.31875876262441283
0.009984220906600923
0.704365036222725
0.4715173772016639
0.6342446746993636
0.6071996309803734
0.7596678446896306
0.5102896179723171
0.516629796003336
0.7915152119416251
0.6958567689118759
0.6546723285343866
0.5017437296279944
0.5381187118370745
0.8375884382355113
1.0955716622357943
0.4707108876813144
0.4384918523635315
0.2359118170797761
0.3043579390129087
0.40219088582569607
0.7874912766377871
0.3979400086720376
0.09691001300805642
0.22418996543125888
0.24205213570464335
0.2513422114748737
0.1143456631108758
0.5698753079565612
0.3119333586743059
-0.023481095849522914
0.5228787452803376
0.6159957692712549
0.5835765856339492
0.5970965717964123
0.1674910872937637
0.8660600192769096
0.7503469104008448
0.19106841502533403
0.5177391056279265
0.7781512503836436
0.47712125471966244
0.7958800173440752
0.8549130223078556
0.8677620246502007
0.7283537820212285
0.5342641408562312
0.8087172420492474
0.3912066260130692
0.6989700043360189
0.5300573299074609
0.7403626894942439
0.921686475483602
0.47712125471966244
0.5059475808983686
0.5141048209728324
0.7235924792443509
0.41585159798073973
0.7201593034059569
1.0257608621444214
0.6867737259755482
0.909080350681131
0.49008623188403005
0.5642714304385625
0.17609125905568124
0.34933467523853623
0.6690067809585756
0.0
0.4590230326268662
0.2834040324635049
0.8662873390841949
1.2612628687924936
0.8763182671112025
0.7418225042532867
0.8142475957319202
1.0061603087048185
0.8269998179214606
0.5567574976469385
0.3606156856482252
0.49056797844690886
0.33262898173568356
0.2638303087385715
0.40893539297350084
0.5869962448920865
0.3461083703991693
0.4112454754515748
0.6690067809585756
0.7829501332654123
0.8257928848188703
0.4923612212763993
-0.07135590853566824
0.29291210544180174
0.9579386549992887
0.3233063903751334
0.4566800944771179
0.6927210550590173
0.9686859373315979
0.9425985282756172
1.2329961103921538
1.021189299069938
1.1693578763967127
0.9618954736678504
0.19406463006758212
0.6546723285343866
0.22184874961635637
0.37413709399941286
0.5381752201296404
0.35024801833416286
0.11197375944393234
0.5322765196207176
1.0385633951393607
0.3146028028532551
0.7491875544483271
0.3601514477826378
1.0662162688832573
0.5514499979728752
0.8808135922807914
0.7501225267834001
0.6375806907615401
0.8832557420069717
0.8349741670944788
0.07624681270857543
0.6255410871774852
0.41192565488881266
0.16606091756475377
0.3112491608456672
0.6241101320710365
0.4600879154208821
0.2796919401336392
0.22530928172586284
0.49090953920529573
0.32735893438633035
0.41278912971095666
0.5154228629007456
0.4458635609892204
0.3424226808222063
0.22596531581118853
0.5217916496391234
0.5488144793747373
0.41278912971095666
0.48666657262589286
0.8391487075010556
0.7533276666586115
0.6398485522173621
1.1398790864012365
0.6441831972335434
0.3622996524029039
0.7474824306171917
0.8336685782334751
0.8662873390841949
0.8087172420492474
0.7533276666586115
0.11579535716843022
-0.11344444991779211
0.6842467475153124
0.4289742424120064
0.6766936096248666
0.6623558932152135
0.5028821168640839
0.5462781991553924
0.5488144793747373
0.4839606792499679
0.6842467475153124
0.40193049140484227
0.3114954293421462
0.5065762340579381
0.3010299956639812
0.19339611726415168
0.5545334780284406
0.7359535705891889
0.5531635491848053
0.6895625358141876
0.6593553952823947
1.028876127736229
0.670414543882966
0.4586378490256493
0.6784483371914171
0.8828866009036567
1.2332782113971381
0.3521825181113625
0.7533276666586115
0.34954242194515406
0.22308782173190483
0.24135799056827276
0.23240962214380184
0.4505912071806132
0.7741112725819036
1.008067621748033
0.4873404199013485
0.7533276666586115
0.4742162640762552
0.7280414522832771
0.5238017944735163
0.36317790241282566
0.7187783976895713
0.6754889084864959
0.8681124034363723
0.9970950093565928
0.696481203932324
0.2332102520069826
0.6146491186359828
0.3043077054252171
0.4165364971636961
0.7049193368492199
0.4015441329408629
0.7014446234638742
0.6636779474535086
0.1443768458784746
0.5141048209728324
0.16694787961581148
-0.03698356625316997
0.47712125471966244
0.6232492903979004
0.7523439867773581
0.3828513378778144
0.2798406965940431
0.46702092781533666
0.5345645036055322
0.35330327868665834
0.18105467858723132
0.22724378150306254
0.8586708472035307
0.7552883674241394
0.062147906748844434
0.5660623380564436
0.49402200525786377
0.6283889300503115
0.8515801675421772
0.6241101320710365
0.49851939942089285
0.7725473728656451
0.37317797898040217
0.2959504701347062
1.034762106259212
0.9427373470340001
0.6193189967694681
0.8269998179214606
1.0533739824413393
0.9444826721501687
0.917913763308968
0.8750612633917001
0.26884531229257996
-0.09294382579045499
0.11960990310323304
0.12778657948112618
0.4663973893278893
0.4944261129281329
0.5128368069861969
0.4433428283417038
0.36532864000490617
0.3668472801536245
0.3853508813640171
0.46876918035489656
0.4825500064310606
0.43365556093857216
0.3904304068932921
0.10987499017242404
0.471130891030475
0.3339112220586368
0.8085338793773645
0.8450980400142568
0.5986537426360509
0.4420785058129443
0.3960880038104442
0.5765058868555742
0.4065401804339551
0.5030017736996399
0.08167004645131953
0.2333866630101136
0.5725047477662464
1.026328938722349
0.7781512503836436
0.9344984512435677
0.6135398090113924
0.2905645619858162
0.27300127206373764
0.5250448070368452
0.24919835739111287
0.5211380837040362